0,1,2,3,4,5,6,7,8,9,10,11,12,13,14,15,16,17,18,19,20,21,22,23,24,25,26,27,28,29,30,31,32,33,34,35,36,37,38,39,40,41,42,43,44,45,46,47,48,49
"[265219.462585337, 144093.30701073422, 39926.60286593514, 17220.053627127523]","[149938.83527945363, 131616.28978085978, 39926.60286593514, 17220.053627127523]","[129787.1498770445, 125193.7873670659, 39926.60286593514, 17220.053627127523]","[160393.3520010364, 134837.49114666018, 39926.60286593514, 17220.053627127523]","[204008.2870612843, 147983.47577961656, 39926.60286593514, 17220.053627127523]","[131425.12568306553, 126575.27757064466, 39926.60286593514, 17220.053627127523]","[149631.62761033754, 131977.0425609379, 39926.60286593514, 17220.053627127523]","[176409.6268158601, 131287.54643255597, 39926.60286593514, 17220.053627127523]","[221335.82377799612, 159632.28486720746, 39926.60286593514, 17220.053627127523]","[142774.28665298247, 129854.9155204825, 39926.60286593514, 17220.053627127523]","[168360.60502279023, 141961.80231127172, 39926.60286593514, 17220.053627127523]","[165003.9806069098, 131838.72857330693, 39926.60286593514, 17220.053627127523]","[193989.94395064563, 136464.92773101883, 39926.60286593514, 17220.053627127523]","[148182.90105042353, 130459.65125147719, 39926.60286593514, 17220.053627127523]","[147749.02613493224, 133289.81833632127, 39926.60286593514, 17220.053627127523]","[147948.70038744208, 133423.6545688591, 39926.60286593514, 17220.053627127523]","[153951.61963934905, 135262.3041742061, 39926.60286593514, 17220.053627127523]","[274535.0481599641, 144583.7348556271, 39926.60286593514, 17220.053627127523]","[140515.8725639707, 128634.42850805829, 39926.60286593514, 17220.053627127523]","[150995.06313058303, 128561.19853033514, 39926.60286593514, 17220.053627127523]","[166132.19561377662, 138422.03773857252, 39926.60286593514, 17220.053627127523]","[181453.00900687926, 136165.6630426858, 39926.60286593514, 17220.053627127523]","[202615.3498617965, 140151.87515310265, 39926.60286593514, 17220.053627127523]","[143447.85085827994, 127959.15902544162, 39926.60286593514, 17220.053627127523]","[135120.06407878367, 127304.63143884085, 39926.60286593514, 17220.053627127523]","[179134.78647589593, 137020.14268115445, 39926.60286593514, 17220.053627127523]","[201451.8459774575, 136235.65198469147, 39926.60286593514, 17220.053627127523]","[152003.1632191228, 138543.6597222639, 39926.60286593514, 17220.053627127523]","[249680.29813901003, 148739.98488961393, 39926.60286593514, 17220.053627127523]","[139891.34202438965, 129733.20467828122, 39926.60286593514, 17220.053627127523]","[220292.87956473994, 139864.86765930973, 39926.60286593514, 17220.053627127523]","[138821.12455778825, 129537.02820731592, 39926.60286593514, 17220.053627127523]","[135993.50259555975, 127089.25912733622, 39926.60286593514, 17220.053627127523]","[136982.09525723112, 128783.48454822386, 39926.60286593514, 17220.053627127523]","[144094.96753644352, 128592.05535162127, 39926.60286593514, 17220.053627127523]","[133858.2383670465, 125268.33818425563, 39926.60286593514, 17220.053627127523]","[163697.47640201676, 135733.82138938966, 39926.60286593514, 17220.053627127523]","[135597.48092121078, 130039.30280458576, 39926.60286593514, 17220.053627127523]","[149006.24034769452, 131681.07110863682, 39926.60286593514, 17220.053627127523]","[137304.1386049928, 127855.36286136424, 39926.60286593514, 17220.053627127523]","[165043.21693732272, 141606.3389695947, 39926.60286593514, 17220.053627127523]","[344597.09108700196, 138612.22199958595, 39926.60286593514, 17220.053627127523]","[148286.06676124688, 135733.8717443146, 39926.60286593514, 17220.053627127523]","[159830.88663102657, 139470.0579969637, 39926.60286593514, 17220.053627127523]","[168342.94044832536, 138585.3675104337, 39926.60286593514, 17220.053627127523]","[242453.01039952156, 152438.29298764069, 39926.60286593514, 17220.053627127523]","[135720.60162128275, 125805.50634590963, 39926.60286593514, 17220.053627127523]","[145484.93351153177, 129392.63676275748, 39926.60286593514, 17220.053627127523]","[162400.97465961004, 125754.68720416092, 39926.60286593514, 17220.053627127523]","[237877.18608449292, 137951.60981876624, 39926.60286593514, 17220.053627127523]"
"[218564.74110087543, 151537.36834837368, 25099.171243824905, 21049.484202521442]","[167913.41884393813, 139036.42759338464, 25099.171243824905, 21049.484202521442]","[182320.72328760033, 149394.600544602, 25099.171243824905, 21049.484202521442]","[172874.2855969042, 140155.49309516707, 25099.171243824905, 21049.484202521442]","[373430.07409406477, 154727.375813438, 25099.171243824905, 21049.484202521442]","[145175.46040676217, 133562.85929367095, 25099.171243824905, 21049.484202521442]","[228614.67475523273, 157799.65105828887, 25099.171243824905, 21049.484202521442]","[150517.65124009087, 134856.67016320728, 25099.171243824905, 21049.484202521442]","[186004.58900585206, 144525.88103959916, 25099.171243824905, 21049.484202521442]","[220671.23505047275, 146873.997672573, 25099.171243824905, 21049.484202521442]","[223485.20816857537, 141028.38116367446, 25099.171243824905, 21049.484202521442]","[190080.7119610502, 142848.9389512172, 25099.171243824905, 21049.484202521442]","[173742.82002347172, 146208.29738670273, 25099.171243824905, 21049.484202521442]","[158348.24675423445, 133469.11783470737, 25099.171243824905, 21049.484202521442]","[215201.97084239783, 157267.3524877344, 25099.171243824905, 21049.484202521442]","[205922.50739646747, 157740.79381400562, 25099.171243824905, 21049.484202521442]","[210484.40408914138, 137472.12223380897, 25099.171243824905, 21049.484202521442]","[213411.27943843126, 146418.49161865356, 25099.171243824905, 21049.484202521442]","[316752.8315363541, 213188.35972748604, 25099.171243824905, 21049.484202521442]","[149080.09536435825, 133592.65755576838, 25099.171243824905, 21049.484202521442]","[136995.6709131463, 132659.24221574032, 25099.171243824905, 21049.484202521442]","[218303.34324940058, 140862.88432581155, 25099.171243824905, 21049.484202521442]","[155315.9389898604, 134188.55661195374, 25099.171243824905, 21049.484202521442]","[166236.40425893752, 136959.65130792104, 25099.171243824905, 21049.484202521442]","[164814.43820725998, 138455.79433874966, 25099.171243824905, 21049.484202521442]","[138305.47929248004, 133165.3000565266, 25099.171243824905, 21049.484202521442]","[153794.00839037416, 132470.0527530004, 25099.171243824905, 21049.484202521442]","[143219.1677195506, 133358.34560035964, 25099.171243824905, 21049.484202521442]","[146908.928569632, 139041.39041055887, 25099.171243824905, 21049.484202521442]","[337959.9546832025, 183740.66333867545, 25099.171243824905, 21049.484202521442]","[145600.45498174077, 136859.03487869402, 25099.171243824905, 21049.484202521442]","[192417.75613903647, 154253.43760848636, 25099.171243824905, 21049.484202521442]","[187071.21100170008, 140235.55629893238, 25099.171243824905, 21049.484202521442]","[199427.9419387578, 138884.13894152737, 25099.171243824905, 21049.484202521442]","[142931.50882617192, 135128.19253509052, 25099.171243824905, 21049.484202521442]","[191367.6099793553, 142788.8553331305, 25099.171243824905, 21049.484202521442]","[173487.95210992135, 148927.50337837846, 25099.171243824905, 21049.484202521442]","[200246.9249446408, 154407.09560153476, 25099.171243824905, 21049.484202521442]","[165008.21016893678, 143951.82002275015, 25099.171243824905, 21049.484202521442]","[144455.3597081966, 134817.18284343072, 25099.171243824905, 21049.484202521442]","[569697.1089816663, 171751.42647650477, 25099.171243824905, 21049.484202521442]","[147849.63051982492, 128761.6343394372, 25099.171243824905, 21049.484202521442]","[178014.8013046329, 142450.12299905298, 25099.171243824905, 21049.484202521442]","[162072.10393928055, 138121.93102423794, 25099.171243824905, 21049.484202521442]","[145977.8958788836, 135051.58767164173, 25099.171243824905, 21049.484202521442]","[172273.88973370256, 137767.75557522633, 25099.171243824905, 21049.484202521442]","[203115.60742014836, 141791.08057501394, 25099.171243824905, 21049.484202521442]","[379157.10292442504, 169014.3347383497, 25099.171243824905, 21049.484202521442]","[161636.76460259434, 135238.75423973365, 25099.171243824905, 21049.484202521442]","[169110.61024351986, 133963.2050573334, 25099.171243824905, 21049.484202521442]"
"[149750.99377391383, 137691.6957694649, 39507.499168128255, 18379.73319150439]","[251106.627867631, 154810.36981573398, 39507.499168128255, 18379.73319150439]","[196627.89612936933, 143479.92526843984, 39507.499168128255, 18379.73319150439]","[220420.28457346387, 161487.0890380863, 39507.499168128255, 18379.73319150439]","[156452.2836459828, 137630.51368784648, 39507.499168128255, 18379.73319150439]","[153654.54188795903, 139813.51901866533, 39507.499168128255, 18379.73319150439]","[186439.80426486966, 143118.3694031493, 39507.499168128255, 18379.73319150439]","[199745.07852084914, 138960.22539048278, 39507.499168128255, 18379.73319150439]","[159046.02479182713, 139179.00208049265, 39507.499168128255, 18379.73319150439]","[142136.09799345996, 132225.89407452114, 39507.499168128255, 18379.73319150439]","[163236.3498528151, 140005.90183249538, 39507.499168128255, 18379.73319150439]","[167469.2087895075, 141957.71552368792, 39507.499168128255, 18379.73319150439]","[162319.77643863915, 140963.2390981753, 39507.499168128255, 18379.73319150439]","[150817.04733407186, 136402.98908475527, 39507.499168128255, 18379.73319150439]","[163607.3639162882, 139267.52934267928, 39507.499168128255, 18379.73319150439]","[166788.4465662227, 133952.49484213608, 39507.499168128255, 18379.73319150439]","[408194.5879932278, 174790.8138769183, 39507.499168128255, 18379.73319150439]","[145153.3833789134, 134805.89591023422, 39507.499168128255, 18379.73319150439]","[290441.2614508219, 148417.61493807402, 39507.499168128255, 18379.73319150439]","[133880.69139915955, 131667.0975906734, 39507.499168128255, 18379.73319150439]","[188147.17156605606, 144484.31281168747, 39507.499168128255, 18379.73319150439]","[169984.91061673182, 139849.57644734776, 39507.499168128255, 18379.73319150439]","[190242.09316677653, 151479.9002128403, 39507.499168128255, 18379.73319150439]","[199630.9971470641, 159938.01526716904, 39507.499168128255, 18379.73319150439]","[147455.92370431582, 136349.9302889564, 39507.499168128255, 18379.73319150439]","[200290.373667692, 150270.9467541189, 39507.499168128255, 18379.73319150439]","[164127.2767567097, 142528.06477447422, 39507.499168128255, 18379.73319150439]","[153219.49663664232, 136567.93017366767, 39507.499168128255, 18379.73319150439]","[214759.02664857762, 149964.80731155127, 39507.499168128255, 18379.73319150439]","[137690.78630246763, 132954.19350375774, 39507.499168128255, 18379.73319150439]","[152941.32132003986, 136288.04795304392, 39507.499168128255, 18379.73319150439]","[152024.5326127254, 133399.3404113236, 39507.499168128255, 18379.73319150439]","[163627.52127472076, 140385.42065407056, 39507.499168128255, 18379.73319150439]","[184189.2326655842, 145952.0276373657, 39507.499168128255, 18379.73319150439]","[226890.38135408028, 147417.76847277192, 39507.499168128255, 18379.73319150439]","[141826.09751380963, 133323.40270125272, 39507.499168128255, 18379.73319150439]","[197534.12193140006, 153534.06782595324, 39507.499168128255, 18379.73319150439]","[138895.01795989764, 130914.90145613185, 39507.499168128255, 18379.73319150439]","[148114.88167763175, 135175.313641431, 39507.499168128255, 18379.73319150439]","[286480.5049537429, 184278.20694879792, 39507.499168128255, 18379.73319150439]","[207917.78767113772, 147848.22567893265, 39507.499168128255, 18379.73319150439]","[148726.7036594246, 135183.25979710853, 39507.499168128255, 18379.73319150439]","[138671.62328513665, 133999.71941016734, 39507.499168128255, 18379.73319150439]","[159641.11322470006, 137505.20139015262, 39507.499168128255, 18379.73319150439]","[391011.43733918236, 226321.9924280079, 39507.499168128255, 18379.73319150439]","[235306.26615730376, 136382.40602722537, 39507.499168128255, 18379.73319150439]","[194198.63822243002, 145108.78509923493, 39507.499168128255, 18379.73319150439]","[163041.64678131655, 143045.04245315466, 39507.499168128255, 18379.73319150439]","[158126.77080387733, 135331.04287428837, 39507.499168128255, 18379.73319150439]","[146856.24797800914, 140251.51353161893, 39507.499168128255, 18379.73319150439]"
"[172849.09675026, 163499.88839570445, 81993.32571878003, 15640.167959132856]","[216822.9900173654, 169767.71013010666, 81993.32571878003, 15640.167959132856]","[175516.0845382028, 170845.01209961786, 81993.32571878003, 15640.167959132856]","[167872.36064153994, 162698.7852295296, 81993.32571878003, 15640.167959132856]","[164577.97080304037, 160968.0928417442, 81993.32571878003, 15640.167959132856]","[170366.0850893547, 160197.84815941102, 81993.32571878003, 15640.167959132856]","[171611.1802175624, 163880.01174004178, 81993.32571878003, 15640.167959132856]","[191119.09059349928, 163771.4777272043, 81993.32571878003, 15640.167959132856]","[179172.2630135713, 169870.2335348985, 81993.32571878003, 15640.167959132856]","[226785.15426636377, 177790.72824419712, 81993.32571878003, 15640.167959132856]","[261897.13844929737, 169082.66926148054, 81993.32571878003, 15640.167959132856]","[188358.5683327479, 166978.2259268767, 81993.32571878003, 15640.167959132856]","[327565.5253145464, 182303.01576416852, 81993.32571878003, 15640.167959132856]","[245607.10475730422, 181099.15011707987, 81993.32571878003, 15640.167959132856]","[180209.48007340683, 161786.08699064452, 81993.32571878003, 15640.167959132856]","[173284.18210894192, 165591.34167891173, 81993.32571878003, 15640.167959132856]","[177919.8890312792, 160910.3515627504, 81993.32571878003, 15640.167959132856]","[320857.64437499444, 185982.0280430445, 81993.32571878003, 15640.167959132856]","[209521.50988959006, 167955.62251856102, 81993.32571878003, 15640.167959132856]","[198329.75139075788, 169755.9324156629, 81993.32571878003, 15640.167959132856]","[189855.51648137168, 167390.43126800284, 81993.32571878003, 15640.167959132856]","[204372.67368370146, 167978.8546201475, 81993.32571878003, 15640.167959132856]","[193554.33845562927, 166265.09344900423, 81993.32571878003, 15640.167959132856]","[161389.51396628184, 159490.70109359926, 81993.32571878003, 15640.167959132856]","[231079.47560307756, 177122.01942080443, 81993.32571878003, 15640.167959132856]","[191434.05251408438, 171312.7256848627, 81993.32571878003, 15640.167959132856]","[167018.7378909015, 161391.6680211241, 81993.32571878003, 15640.167959132856]","[169021.88139585787, 165177.2651551486, 81993.32571878003, 15640.167959132856]","[197957.89813637402, 168770.99162529162, 81993.32571878003, 15640.167959132856]","[189122.8135948985, 166435.2507146084, 81993.32571878003, 15640.167959132856]","[199199.4205828599, 172416.35606144383, 81993.32571878003, 15640.167959132856]","[206293.74959393204, 167132.86190533874, 81993.32571878003, 15640.167959132856]","[175735.50699368372, 159011.58773553485, 81993.32571878003, 15640.167959132856]","[180991.2394612864, 169525.18236620838, 81993.32571878003, 15640.167959132856]","[232754.39131329732, 175395.59086984722, 81993.32571878003, 15640.167959132856]","[188394.43567743036, 163439.78205984493, 81993.32571878003, 15640.167959132856]","[168050.24662850954, 162881.62663478163, 81993.32571878003, 15640.167959132856]","[219650.69005507304, 173370.2628436261, 81993.32571878003, 15640.167959132856]","[210788.48777323042, 166307.72285089572, 81993.32571878003, 15640.167959132856]","[276896.0815020813, 188309.96537017295, 81993.32571878003, 15640.167959132856]","[164041.6782494355, 162393.6403001673, 81993.32571878003, 15640.167959132856]","[213505.5972846346, 172550.32875839775, 81993.32571878003, 15640.167959132856]","[193475.48942794296, 164243.8698528403, 81993.32571878003, 15640.167959132856]","[418576.43072179414, 249083.08022004762, 81993.32571878003, 15640.167959132856]","[195478.05751427298, 167120.72458970192, 81993.32571878003, 15640.167959132856]","[220682.7608708609, 173658.61601379028, 81993.32571878003, 15640.167959132856]","[177666.99449073852, 161028.50396878345, 81993.32571878003, 15640.167959132856]","[170897.4109897597, 163090.66389127963, 81993.32571878003, 15640.167959132856]","[185196.7396906294, 169116.26296523053, 81993.32571878003, 15640.167959132856]","[167101.95694619487, 162906.38020521082, 81993.32571878003, 15640.167959132856]"
"[138361.98122739996, 134900.26706570046, 14795.143488610589, 23693.394440644606]","[164634.5470494762, 137302.49970376326, 14795.143488610589, 23693.394440644606]","[139089.39019523447, 133449.92160839244, 14795.143488610589, 23693.394440644606]","[303009.69225204183, 190545.450646731, 14795.143488610589, 23693.394440644606]","[146846.30360387862, 138145.47446648462, 14795.143488610589, 23693.394440644606]","[162628.14465189897, 146710.36373293825, 14795.143488610589, 23693.394440644606]","[270148.98046555946, 148865.75989374926, 14795.143488610589, 23693.394440644606]","[161556.02293635366, 146635.78827892395, 14795.143488610589, 23693.394440644606]","[178700.15392197605, 145130.85704591483, 14795.143488610589, 23693.394440644606]","[176979.23780101785, 137226.72097934256, 14795.143488610589, 23693.394440644606]","[207763.0559823827, 161673.3497310644, 14795.143488610589, 23693.394440644606]","[201784.85136206154, 147458.76836826096, 14795.143488610589, 23693.394440644606]","[170212.59270697113, 131884.1023275942, 14795.143488610589, 23693.394440644606]","[269188.3949941361, 163133.73050574082, 14795.143488610589, 23693.394440644606]","[137966.48419293703, 134121.61663702986, 14795.143488610589, 23693.394440644606]","[159891.56919186842, 138900.17535685032, 14795.143488610589, 23693.394440644606]","[201123.6673011567, 162321.8263618484, 14795.143488610589, 23693.394440644606]","[328622.65793749026, 165736.38687726727, 14795.143488610589, 23693.394440644606]","[154968.08420724072, 136476.79468334393, 14795.143488610589, 23693.394440644606]","[150099.0960768055, 136894.54311167193, 14795.143488610589, 23693.394440644606]","[147539.09828523698, 135642.33989243285, 14795.143488610589, 23693.394440644606]","[243808.13100549433, 157247.31733654992, 14795.143488610589, 23693.394440644606]","[206064.8472350204, 177211.82532430644, 14795.143488610589, 23693.394440644606]","[169625.2356808411, 139255.94198551704, 14795.143488610589, 23693.394440644606]","[173924.05683243426, 144021.59664678897, 14795.143488610589, 23693.394440644606]","[159835.54974020526, 138995.77333957487, 14795.143488610589, 23693.394440644606]","[177343.6173196753, 144955.65744247733, 14795.143488610589, 23693.394440644606]","[228932.47220827558, 163334.5995491493, 14795.143488610589, 23693.394440644606]","[230862.10275356402, 171214.32565909126, 14795.143488610589, 23693.394440644606]","[130272.22047131152, 131133.8693800381, 14795.143488610589, 23693.394440644606]","[169988.6764650703, 143885.7748517307, 14795.143488610589, 23693.394440644606]","[156485.3433144738, 144960.16071385323, 14795.143488610589, 23693.394440644606]","[191590.3154691309, 146615.8029883761, 14795.143488610589, 23693.394440644606]","[164918.3111223304, 144607.71601614953, 14795.143488610589, 23693.394440644606]","[256944.96608222392, 160243.24330657296, 14795.143488610589, 23693.394440644606]","[205917.88126423318, 145261.60462906514, 14795.143488610589, 23693.394440644606]","[241201.3519713262, 181510.89634286618, 14795.143488610589, 23693.394440644606]","[156207.37682756822, 138415.53698836948, 14795.143488610589, 23693.394440644606]","[143143.21871414717, 135108.6604640289, 14795.143488610589, 23693.394440644606]","[186024.34810323545, 142973.31710113678, 14795.143488610589, 23693.394440644606]","[155545.75916980277, 140588.03328518913, 14795.143488610589, 23693.394440644606]","[169608.31416535607, 140209.9470179909, 14795.143488610589, 23693.394440644606]","[186815.8221667123, 145262.6800859171, 14795.143488610589, 23693.394440644606]","[253877.37245499596, 159072.08254590735, 14795.143488610589, 23693.394440644606]","[275567.3282180663, 162903.43236378464, 14795.143488610589, 23693.394440644606]","[239818.62294636315, 150976.98343801324, 14795.143488610589, 23693.394440644606]","[160918.01015334745, 136903.2818878483, 14795.143488610589, 23693.394440644606]","[266315.6180028192, 158620.15448811682, 14795.143488610589, 23693.394440644606]","[136587.06514248592, 130762.41476105104, 14795.143488610589, 23693.394440644606]","[215721.821528092, 161669.5665997249, 14795.143488610589, 23693.394440644606]"
"[157302.85140416873, 135952.89308377137, 32298.26382343403, 20260.230595734778]","[214365.24970680694, 165217.45757474133, 32298.26382343403, 20260.230595734778]","[222907.15268333314, 154143.3500797819, 32298.26382343403, 20260.230595734778]","[185955.64302072854, 140647.9464703903, 32298.26382343403, 20260.230595734778]","[144224.59611343403, 135863.27630340413, 32298.26382343403, 20260.230595734778]","[162402.2864847072, 144475.29410029342, 32298.26382343403, 20260.230595734778]","[185652.0362553634, 149906.7942061983, 32298.26382343403, 20260.230595734778]","[325480.8552968708, 152663.44930177717, 32298.26382343403, 20260.230595734778]","[158968.2431578128, 143413.85006830108, 32298.26382343403, 20260.230595734778]","[183221.6235495981, 146555.46492597138, 32298.26382343403, 20260.230595734778]","[178383.06740038723, 144531.7663193473, 32298.26382343403, 20260.230595734778]","[208098.37496371524, 149118.35346672186, 32298.26382343403, 20260.230595734778]","[176635.45822331985, 142258.95776252245, 32298.26382343403, 20260.230595734778]","[143057.29649576664, 136185.04659723665, 32298.26382343403, 20260.230595734778]","[174496.48178947085, 147244.47936009837, 32298.26382343403, 20260.230595734778]","[168730.01110403019, 138370.06098089778, 32298.26382343403, 20260.230595734778]","[138030.18263639038, 133864.28965693334, 32298.26382343403, 20260.230595734778]","[185171.24251055907, 143186.7636975583, 32298.26382343403, 20260.230595734778]","[256356.53176706127, 179143.44602211905, 32298.26382343403, 20260.230595734778]","[197089.03435860874, 158039.08732621488, 32298.26382343403, 20260.230595734778]","[172218.5086916193, 132949.95904866094, 32298.26382343403, 20260.230595734778]","[133372.99537637166, 131236.74604059206, 32298.26382343403, 20260.230595734778]","[187904.89446789274, 146567.254554582, 32298.26382343403, 20260.230595734778]","[231787.22333662992, 158849.0062552637, 32298.26382343403, 20260.230595734778]","[274218.06092114863, 150980.32774921603, 32298.26382343403, 20260.230595734778]","[139181.0830342089, 132942.11097098168, 32298.26382343403, 20260.230595734778]","[136540.41646496914, 131531.96406620307, 32298.26382343403, 20260.230595734778]","[156577.31496349402, 140092.6518683656, 32298.26382343403, 20260.230595734778]","[181491.40273771554, 151485.6698094208, 32298.26382343403, 20260.230595734778]","[206611.78968070907, 161441.26642042832, 32298.26382343403, 20260.230595734778]","[166837.5580653067, 144326.55793647422, 32298.26382343403, 20260.230595734778]","[140693.29444069005, 136892.25176508562, 32298.26382343403, 20260.230595734778]","[204554.09085981603, 150072.8563080249, 32298.26382343403, 20260.230595734778]","[248916.60560404343, 156566.59589665223, 32298.26382343403, 20260.230595734778]","[185699.4891804409, 156088.97642009845, 32298.26382343403, 20260.230595734778]","[157960.12754051102, 135928.5695957288, 32298.26382343403, 20260.230595734778]","[155040.43251012775, 139126.79938796154, 32298.26382343403, 20260.230595734778]","[202296.65806384094, 154681.57961424004, 32298.26382343403, 20260.230595734778]","[184879.39750403466, 144609.6935601051, 32298.26382343403, 20260.230595734778]","[145135.0741446221, 136104.45290747684, 32298.26382343403, 20260.230595734778]","[179702.2878591507, 150197.7364481433, 32298.26382343403, 20260.230595734778]","[161033.44374598644, 137880.36001130097, 32298.26382343403, 20260.230595734778]","[217332.08252238965, 147412.20774970032, 32298.26382343403, 20260.230595734778]","[141902.2584091425, 138349.38372832254, 32298.26382343403, 20260.230595734778]","[146158.2262506635, 137199.27219651837, 32298.26382343403, 20260.230595734778]","[143102.59867668222, 137333.5328547991, 32298.26382343403, 20260.230595734778]","[199157.40939957398, 169012.13359506108, 32298.26382343403, 20260.230595734778]","[222330.7227580607, 168612.05124745733, 32298.26382343403, 20260.230595734778]","[172507.53545151392, 140722.8740502725, 32298.26382343403, 20260.230595734778]","[559280.4042351566, 205178.53874243097, 32298.26382343403, 20260.230595734778]"
"[108885.4000434195, 104214.72172153903, 29868.718002484817, 14313.955388787504]","[116415.75735662579, 107150.23243661052, 29868.718002484817, 14313.955388787504]","[114459.24362192696, 103828.71967510862, 29868.718002484817, 14313.955388787504]","[119606.67159152521, 105489.43555658973, 29868.718002484817, 14313.955388787504]","[174356.09252846404, 165653.50851178358, 29868.718002484817, 14313.955388787504]","[155487.96357673907, 115402.68786420069, 29868.718002484817, 14313.955388787504]","[113488.89823587243, 107311.259141307, 29868.718002484817, 14313.955388787504]","[191445.23319259367, 113751.70438795882, 29868.718002484817, 14313.955388787504]","[152581.03924597858, 109869.39889516076, 29868.718002484817, 14313.955388787504]","[119379.98964865357, 105979.68612805741, 29868.718002484817, 14313.955388787504]","[124034.60570427115, 109323.37228211993, 29868.718002484817, 14313.955388787504]","[158521.70468016522, 127295.42310604801, 29868.718002484817, 14313.955388787504]","[189045.75028679904, 110816.60120513852, 29868.718002484817, 14313.955388787504]","[186779.32281291232, 120007.82427270559, 29868.718002484817, 14313.955388787504]","[131401.59899462422, 113452.7862474328, 29868.718002484817, 14313.955388787504]","[170731.798305574, 122379.44836735482, 29868.718002484817, 14313.955388787504]","[117177.38358350187, 106140.62524399017, 29868.718002484817, 14313.955388787504]","[182880.7196197579, 129087.14406802328, 29868.718002484817, 14313.955388787504]","[115684.5083299637, 107268.6007432213, 29868.718002484817, 14313.955388787504]","[130664.57901773405, 111107.86715999772, 29868.718002484817, 14313.955388787504]","[112162.3685203023, 102604.54872106102, 29868.718002484817, 14313.955388787504]","[150112.01248403965, 112649.64636518256, 29868.718002484817, 14313.955388787504]","[119737.25343108487, 109934.24598471088, 29868.718002484817, 14313.955388787504]","[110376.1105939646, 102939.979969265, 29868.718002484817, 14313.955388787504]","[108216.77078563624, 101347.19037248555, 29868.718002484817, 14313.955388787504]","[140080.22840569145, 110382.0154545936, 29868.718002484817, 14313.955388787504]","[112867.3992959548, 103575.21922170655, 29868.718002484817, 14313.955388787504]","[127131.57496809076, 106130.71606870001, 29868.718002484817, 14313.955388787504]","[106371.91825209155, 103433.69251196008, 29868.718002484817, 14313.955388787504]","[111825.71471339917, 106007.64917356981, 29868.718002484817, 14313.955388787504]","[153398.9170669759, 118642.49122581945, 29868.718002484817, 14313.955388787504]","[168513.464806151, 110910.58182190364, 29868.718002484817, 14313.955388787504]","[172126.28351045965, 113771.43571700237, 29868.718002484817, 14313.955388787504]","[133902.14163985028, 109862.68268912756, 29868.718002484817, 14313.955388787504]","[122356.99658133002, 110340.92076672315, 29868.718002484817, 14313.955388787504]","[128144.62531739536, 113831.17795914807, 29868.718002484817, 14313.955388787504]","[226162.59108683874, 121685.85836272441, 29868.718002484817, 14313.955388787504]","[151139.05310630443, 112131.44665406903, 29868.718002484817, 14313.955388787504]","[129390.1407831751, 107488.67216953423, 29868.718002484817, 14313.955388787504]","[113950.14827121618, 103133.56470093536, 29868.718002484817, 14313.955388787504]","[182906.99725411844, 126768.27871320586, 29868.718002484817, 14313.955388787504]","[181162.18419726324, 116418.69188245841, 29868.718002484817, 14313.955388787504]","[170993.99839553726, 111982.71935753821, 29868.718002484817, 14313.955388787504]","[138411.76321114675, 110663.01346294768, 29868.718002484817, 14313.955388787504]","[110971.63326527136, 102748.7296921328, 29868.718002484817, 14313.955388787504]","[157834.55469361087, 112452.3619502141, 29868.718002484817, 14313.955388787504]","[119396.63327178908, 107878.90233365938, 29868.718002484817, 14313.955388787504]","[110898.95421191375, 106226.15967772978, 29868.718002484817, 14313.955388787504]","[119223.25453337327, 109776.54754280885, 29868.718002484817, 14313.955388787504]","[106629.58211038486, 103225.45044179112, 29868.718002484817, 14313.955388787504]"
"[133270.08142801482, 128609.44028265648, 51129.46055830865, 14689.064823756504]","[432833.1686931922, 132634.44850116564, 51129.46055830865, 14689.064823756504]","[177769.5977904455, 127962.13695405908, 51129.46055830865, 14689.064823756504]","[143621.5920082238, 130504.33312198656, 51129.46055830865, 14689.064823756504]","[312874.99816942174, 203958.82837620625, 51129.46055830865, 14689.064823756504]","[167262.16298629832, 124362.99427807472, 51129.46055830865, 14689.064823756504]","[170417.07899522193, 141688.12094339734, 51129.46055830865, 14689.064823756504]","[166561.14849269413, 138119.1759104718, 51129.46055830865, 14689.064823756504]","[152320.87828195913, 134476.33125301774, 51129.46055830865, 14689.064823756504]","[128348.42223866019, 124494.08071359312, 51129.46055830865, 14689.064823756504]","[169308.52328247248, 125415.24643844657, 51129.46055830865, 14689.064823756504]","[163065.1134066339, 131801.03080141026, 51129.46055830865, 14689.064823756504]","[223031.22713140174, 140389.24114729307, 51129.46055830865, 14689.064823756504]","[148558.72932377574, 131549.45378067266, 51129.46055830865, 14689.064823756504]","[129074.42859575903, 124342.28165871659, 51129.46055830865, 14689.064823756504]","[129387.01433060798, 127174.48375185255, 51129.46055830865, 14689.064823756504]","[135777.23085948604, 127346.98439113237, 51129.46055830865, 14689.064823756504]","[141659.95620542695, 128065.6553887034, 51129.46055830865, 14689.064823756504]","[149073.8241558939, 128133.93096848934, 51129.46055830865, 14689.064823756504]","[209071.08304484736, 145469.44969944522, 51129.46055830865, 14689.064823756504]","[152010.1499262679, 128197.98694667163, 51129.46055830865, 14689.064823756504]","[148072.42140795436, 130002.47450525108, 51129.46055830865, 14689.064823756504]","[186004.38050508907, 137129.3955592807, 51129.46055830865, 14689.064823756504]","[139286.69668299265, 125338.9889479225, 51129.46055830865, 14689.064823756504]","[139151.84427691475, 127916.35309678662, 51129.46055830865, 14689.064823756504]","[151746.38361882206, 134356.1921488662, 51129.46055830865, 14689.064823756504]","[166680.42075905926, 133468.27607755418, 51129.46055830865, 14689.064823756504]","[127128.21007090695, 123475.75936378694, 51129.46055830865, 14689.064823756504]","[156748.7730762097, 132558.49632573116, 51129.46055830865, 14689.064823756504]","[175395.6870948401, 136933.62704085954, 51129.46055830865, 14689.064823756504]","[152209.02766459415, 131298.85220994308, 51129.46055830865, 14689.064823756504]","[136295.0581436821, 127304.54644132813, 51129.46055830865, 14689.064823756504]","[155019.85524066957, 126780.34671562916, 51129.46055830865, 14689.064823756504]","[188277.99919207263, 141064.83884086588, 51129.46055830865, 14689.064823756504]","[145849.75749476638, 129915.06524525434, 51129.46055830865, 14689.064823756504]","[148446.74008155952, 134669.10114785345, 51129.46055830865, 14689.064823756504]","[163844.3465935438, 129957.92707587144, 51129.46055830865, 14689.064823756504]","[188494.75037601084, 147434.51162101803, 51129.46055830865, 14689.064823756504]","[132289.929415333, 128121.49136515748, 51129.46055830865, 14689.064823756504]","[202376.30561246633, 152678.58974743655, 51129.46055830865, 14689.064823756504]","[167430.3932010593, 134318.74639376986, 51129.46055830865, 14689.064823756504]","[133148.80199068718, 130457.23212700337, 51129.46055830865, 14689.064823756504]","[184059.18463359593, 137203.69570628743, 51129.46055830865, 14689.064823756504]","[137609.84933837788, 126633.17772782425, 51129.46055830865, 14689.064823756504]","[277684.87262547, 149879.39662264189, 51129.46055830865, 14689.064823756504]","[156111.55917858923, 128164.98384435996, 51129.46055830865, 14689.064823756504]","[126203.85045047644, 124441.56078108332, 51129.46055830865, 14689.064823756504]","[196497.15409632225, 127965.601211676, 51129.46055830865, 14689.064823756504]","[158699.07218505326, 134173.44811377063, 51129.46055830865, 14689.064823756504]","[230743.7820841192, 143067.56916152788, 51129.46055830865, 14689.064823756504]"
"[214207.95218943368, 176109.81893039183, 49538.52199116705, 23104.2189379089]","[191924.39964697303, 170578.96146392252, 49538.52199116705, 23104.2189379089]","[193680.58111170417, 172617.08443353508, 49538.52199116705, 23104.2189379089]","[226065.74399735927, 180284.42491289295, 49538.52199116705, 23104.2189379089]","[215171.56173446175, 176142.75380026083, 49538.52199116705, 23104.2189379089]","[282375.840719725, 177503.63188284927, 49538.52199116705, 23104.2189379089]","[198794.47142412802, 181140.3692422191, 49538.52199116705, 23104.2189379089]","[244471.05929858112, 179389.84712123385, 49538.52199116705, 23104.2189379089]","[238350.8090699707, 177720.0343422288, 49538.52199116705, 23104.2189379089]","[192693.6119958384, 169584.9100796424, 49538.52199116705, 23104.2189379089]","[182380.6090942592, 182068.58404567876, 49538.52199116705, 23104.2189379089]","[299707.296631972, 192858.60438188893, 49538.52199116705, 23104.2189379089]","[185195.32888429938, 172313.4488243418, 49538.52199116705, 23104.2189379089]","[370976.3446548494, 246200.60097324016, 49538.52199116705, 23104.2189379089]","[176390.65914108537, 164914.44316787156, 49538.52199116705, 23104.2189379089]","[288414.7452515673, 190436.02233768773, 49538.52199116705, 23104.2189379089]","[181649.20111120833, 172631.85527972385, 49538.52199116705, 23104.2189379089]","[321023.3091138763, 183596.26706566467, 49538.52199116705, 23104.2189379089]","[317282.6956325855, 204992.49917196014, 49538.52199116705, 23104.2189379089]","[181077.53713596184, 175122.60101750342, 49538.52199116705, 23104.2189379089]","[254140.9837525513, 177427.71218043345, 49538.52199116705, 23104.2189379089]","[192382.61808657003, 175361.35061793946, 49538.52199116705, 23104.2189379089]","[194066.44370896334, 171050.92870315205, 49538.52199116705, 23104.2189379089]","[229595.1225800259, 186730.48707443333, 49538.52199116705, 23104.2189379089]","[213332.18600108376, 185406.13541238202, 49538.52199116705, 23104.2189379089]","[249263.76863203544, 194564.89692805437, 49538.52199116705, 23104.2189379089]","[180261.11203297364, 169307.8369087417, 49538.52199116705, 23104.2189379089]","[274065.40847919224, 177487.04612787263, 49538.52199116705, 23104.2189379089]","[181587.8595295939, 168684.81621740025, 49538.52199116705, 23104.2189379089]","[310564.2278967222, 226821.91016613593, 49538.52199116705, 23104.2189379089]","[187512.11082679452, 179652.65186395374, 49538.52199116705, 23104.2189379089]","[174414.74474856988, 170977.84631628025, 49538.52199116705, 23104.2189379089]","[237569.12435371324, 176376.0385182078, 49538.52199116705, 23104.2189379089]","[184346.83837051256, 169242.4465196033, 49538.52199116705, 23104.2189379089]","[191029.87171582817, 168686.51481668255, 49538.52199116705, 23104.2189379089]","[239950.84791808444, 187993.22291832458, 49538.52199116705, 23104.2189379089]","[184321.0051356672, 172528.8765999568, 49538.52199116705, 23104.2189379089]","[178351.80986884705, 166803.91501599632, 49538.52199116705, 23104.2189379089]","[209778.68022205395, 173349.73105363493, 49538.52199116705, 23104.2189379089]","[180023.58352494615, 167959.24980063562, 49538.52199116705, 23104.2189379089]","[248370.8535850987, 181597.53999751515, 49538.52199116705, 23104.2189379089]","[193678.31432790044, 173185.7484035836, 49538.52199116705, 23104.2189379089]","[222436.61492510376, 182727.80014245454, 49538.52199116705, 23104.2189379089]","[225033.1817406823, 169023.94528378552, 49538.52199116705, 23104.2189379089]","[231638.94496721734, 174805.29059726768, 49538.52199116705, 23104.2189379089]","[320539.7916422657, 196492.8499102594, 49538.52199116705, 23104.2189379089]","[195421.22694007895, 174001.98293250293, 49538.52199116705, 23104.2189379089]","[221625.17275623197, 176173.2486443695, 49538.52199116705, 23104.2189379089]","[184066.14129153528, 169859.50380255084, 49538.52199116705, 23104.2189379089]","[188479.6730963199, 169574.02879746433, 49538.52199116705, 23104.2189379089]"
"[174614.3310949704, 150411.77487870702, 42102.61442320001, 20870.4343904582]","[205847.75525122922, 167122.87541122411, 42102.61442320001, 20870.4343904582]","[206938.06891065222, 155663.9793052389, 42102.61442320001, 20870.4343904582]","[248105.87408634025, 170363.0009154395, 42102.61442320001, 20870.4343904582]","[190006.513414202, 165215.94007061492, 42102.61442320001, 20870.4343904582]","[161250.29552824784, 152739.05309540904, 42102.61442320001, 20870.4343904582]","[280688.6275993837, 162458.31318298777, 42102.61442320001, 20870.4343904582]","[154704.80510993322, 150012.2266824443, 42102.61442320001, 20870.4343904582]","[156182.2077248467, 150226.21827209526, 42102.61442320001, 20870.4343904582]","[207382.88083695018, 156773.7577087963, 42102.61442320001, 20870.4343904582]","[161785.0775362403, 147644.41493764156, 42102.61442320001, 20870.4343904582]","[208401.04348686824, 161428.1645918841, 42102.61442320001, 20870.4343904582]","[166402.6843953128, 151998.50354480016, 42102.61442320001, 20870.4343904582]","[149923.63784462676, 147811.2487819698, 42102.61442320001, 20870.4343904582]","[248014.8720854993, 194234.95327923013, 42102.61442320001, 20870.4343904582]","[180081.25917876858, 152484.09096996379, 42102.61442320001, 20870.4343904582]","[188000.66075568818, 158524.564154558, 42102.61442320001, 20870.4343904582]","[181914.06470324035, 153220.59873344353, 42102.61442320001, 20870.4343904582]","[208090.4671376967, 150411.52606097807, 42102.61442320001, 20870.4343904582]","[186808.02970338953, 160194.4979273866, 42102.61442320001, 20870.4343904582]","[160165.55827620416, 151195.60774368935, 42102.61442320001, 20870.4343904582]","[164321.2792056257, 155737.94395236074, 42102.61442320001, 20870.4343904582]","[172785.9561355353, 158213.17691239464, 42102.61442320001, 20870.4343904582]","[154573.96486380452, 148503.8530341822, 42102.61442320001, 20870.4343904582]","[350377.4328320136, 183791.13287794864, 42102.61442320001, 20870.4343904582]","[153489.88699604772, 149715.34332724457, 42102.61442320001, 20870.4343904582]","[171399.185320424, 155271.1089894957, 42102.61442320001, 20870.4343904582]","[188287.86970842053, 153656.0148843134, 42102.61442320001, 20870.4343904582]","[229240.61774317743, 171127.9407168851, 42102.61442320001, 20870.4343904582]","[158465.2146326095, 151122.04204571238, 42102.61442320001, 20870.4343904582]","[196395.56366726008, 158957.59534676975, 42102.61442320001, 20870.4343904582]","[191191.75512706148, 154427.833754658, 42102.61442320001, 20870.4343904582]","[235389.9050404836, 157319.6779882837, 42102.61442320001, 20870.4343904582]","[163568.69289800007, 157977.62519022706, 42102.61442320001, 20870.4343904582]","[156545.4557964247, 151441.80861058136, 42102.61442320001, 20870.4343904582]","[221655.8453917592, 159918.08605014696, 42102.61442320001, 20870.4343904582]","[155872.17218145097, 150234.43106035865, 42102.61442320001, 20870.4343904582]","[377846.92998350825, 214244.01824368327, 42102.61442320001, 20870.4343904582]","[180725.23959287058, 158680.97002916894, 42102.61442320001, 20870.4343904582]","[156597.4154429628, 147858.20318553876, 42102.61442320001, 20870.4343904582]","[170314.39380421428, 149977.63487279502, 42102.61442320001, 20870.4343904582]","[217115.5091062633, 150025.35962703222, 42102.61442320001, 20870.4343904582]","[168064.34991053626, 151922.23148369615, 42102.61442320001, 20870.4343904582]","[204366.9061980712, 174688.66757066146, 42102.61442320001, 20870.4343904582]","[178829.22641436863, 156471.20847802036, 42102.61442320001, 20870.4343904582]","[158767.00879760683, 151386.85977664008, 42102.61442320001, 20870.4343904582]","[162942.40186134796, 150915.13454995374, 42102.61442320001, 20870.4343904582]","[164627.35919790092, 150788.8414415996, 42102.61442320001, 20870.4343904582]","[203843.383448069, 162609.10529010394, 42102.61442320001, 20870.4343904582]","[148453.95407761988, 146215.9549171593, 42102.61442320001, 20870.4343904582]"
"[153538.27558000622, 137974.2641234197, 46290.81026482444, 17674.159955103274]","[184846.1779752372, 142799.9061798015, 46290.81026482444, 17674.159955103274]","[165956.38667995227, 142744.52087835275, 46290.81026482444, 17674.159955103274]","[146826.62133165225, 135599.51238303544, 46290.81026482444, 17674.159955103274]","[150481.31903515017, 141895.7078738772, 46290.81026482444, 17674.159955103274]","[177536.91941839163, 136725.19412646306, 46290.81026482444, 17674.159955103274]","[181845.62705635277, 140786.262431379, 46290.81026482444, 17674.159955103274]","[146701.29617259788, 134466.76681848188, 46290.81026482444, 17674.159955103274]","[202659.13402400535, 147084.65255418446, 46290.81026482444, 17674.159955103274]","[235118.27911796363, 143509.69974413564, 46290.81026482444, 17674.159955103274]","[199288.09822936944, 150218.6135257261, 46290.81026482444, 17674.159955103274]","[169518.51572262828, 137587.34188367432, 46290.81026482444, 17674.159955103274]","[139710.58540569298, 137080.50825448887, 46290.81026482444, 17674.159955103274]","[163260.0825210294, 143681.56680537088, 46290.81026482444, 17674.159955103274]","[217487.019735514, 163264.4217816461, 46290.81026482444, 17674.159955103274]","[141878.39353092687, 135702.5135767893, 46290.81026482444, 17674.159955103274]","[319885.804435806, 156999.89114469785, 46290.81026482444, 17674.159955103274]","[206171.9488308654, 147797.36772194775, 46290.81026482444, 17674.159955103274]","[185557.2864464118, 147827.60738453566, 46290.81026482444, 17674.159955103274]","[139656.14179329443, 134806.53622349983, 46290.81026482444, 17674.159955103274]","[208870.51036933443, 142747.33422648828, 46290.81026482444, 17674.159955103274]","[142764.61214521993, 134832.42367786152, 46290.81026482444, 17674.159955103274]","[261467.21727414074, 159678.49545643965, 46290.81026482444, 17674.159955103274]","[168683.85317376954, 146900.2092754253, 46290.81026482444, 17674.159955103274]","[195936.93559051843, 141441.75167710675, 46290.81026482444, 17674.159955103274]","[263534.5243920146, 147148.1187594847, 46290.81026482444, 17674.159955103274]","[152923.58223009142, 135029.75898924188, 46290.81026482444, 17674.159955103274]","[148402.10880818404, 136314.2699956949, 46290.81026482444, 17674.159955103274]","[212906.36292497662, 141772.94366032167, 46290.81026482444, 17674.159955103274]","[187254.02019934222, 145380.22028055027, 46290.81026482444, 17674.159955103274]","[151768.3088881145, 136629.97579789598, 46290.81026482444, 17674.159955103274]","[141362.1391120057, 134123.19955402924, 46290.81026482444, 17674.159955103274]","[177876.2704029061, 150664.1722300067, 46290.81026482444, 17674.159955103274]","[193216.51522799206, 150725.2851594183, 46290.81026482444, 17674.159955103274]","[180994.4445904533, 151481.649912479, 46290.81026482444, 17674.159955103274]","[154916.66004604325, 143268.34948307762, 46290.81026482444, 17674.159955103274]","[208189.65832392537, 155205.5267673702, 46290.81026482444, 17674.159955103274]","[164568.45142784328, 139987.4672920314, 46290.81026482444, 17674.159955103274]","[168576.99815184402, 143214.3547436086, 46290.81026482444, 17674.159955103274]","[196656.70776756166, 142699.96714612612, 46290.81026482444, 17674.159955103274]","[142036.91267685333, 135609.9679203911, 46290.81026482444, 17674.159955103274]","[163045.08707237142, 139771.7514089776, 46290.81026482444, 17674.159955103274]","[160771.76529467248, 138887.2696292317, 46290.81026482444, 17674.159955103274]","[165703.83999501666, 142273.76392489788, 46290.81026482444, 17674.159955103274]","[163432.96762552817, 141253.18167765872, 46290.81026482444, 17674.159955103274]","[146513.31261220315, 138113.7067321057, 46290.81026482444, 17674.159955103274]","[157808.36651936418, 139119.05806360007, 46290.81026482444, 17674.159955103274]","[228551.09501656122, 145947.4456495898, 46290.81026482444, 17674.159955103274]","[420589.2658884724, 198448.78087275173, 46290.81026482444, 17674.159955103274]","[142149.43263598255, 136201.39556155543, 46290.81026482444, 17674.159955103274]"
"[147147.23577711402, 139889.9537659566, 39585.84290706176, 19086.733433345515]","[133861.9187958721, 133169.2734186354, 39585.84290706176, 19086.733433345515]","[187254.99785780517, 158227.09058525114, 39585.84290706176, 19086.733433345515]","[157966.12780587142, 138999.9922215669, 39585.84290706176, 19086.733433345515]","[139762.70349374332, 133369.6512324036, 39585.84290706176, 19086.733433345515]","[168667.0829817608, 141847.1412633877, 39585.84290706176, 19086.733433345515]","[314372.13102270465, 183577.31486589942, 39585.84290706176, 19086.733433345515]","[160102.82853675558, 140810.87616085575, 39585.84290706176, 19086.733433345515]","[157308.06926289032, 143493.86869176372, 39585.84290706176, 19086.733433345515]","[156582.61065176205, 140881.9229915733, 39585.84290706176, 19086.733433345515]","[178706.2151276603, 142342.57369919508, 39585.84290706176, 19086.733433345515]","[178082.7585671039, 148397.02716035122, 39585.84290706176, 19086.733433345515]","[194696.61247021108, 146146.4754536735, 39585.84290706176, 19086.733433345515]","[180928.40350469184, 151700.10464051887, 39585.84290706176, 19086.733433345515]","[193393.65869685885, 149135.08687049293, 39585.84290706176, 19086.733433345515]","[163988.19466279726, 139528.35499842727, 39585.84290706176, 19086.733433345515]","[171711.31163043113, 144578.56685594606, 39585.84290706176, 19086.733433345515]","[152636.95934507772, 142120.81064793252, 39585.84290706176, 19086.733433345515]","[164554.77098542376, 148228.78155954264, 39585.84290706176, 19086.733433345515]","[137125.5056116842, 135210.12318488653, 39585.84290706176, 19086.733433345515]","[233565.20367564104, 153535.2307485288, 39585.84290706176, 19086.733433345515]","[172643.46184397137, 140029.18358338962, 39585.84290706176, 19086.733433345515]","[178218.94035518277, 151157.63260455683, 39585.84290706176, 19086.733433345515]","[147069.73663621093, 135975.7109146532, 39585.84290706176, 19086.733433345515]","[195731.8185553429, 143422.2197730629, 39585.84290706176, 19086.733433345515]","[196073.0140922341, 150316.53930335102, 39585.84290706176, 19086.733433345515]","[163698.03274493944, 141883.67058350667, 39585.84290706176, 19086.733433345515]","[437915.959841753, 232846.42265170315, 39585.84290706176, 19086.733433345515]","[297079.9276815405, 156897.31246512878, 39585.84290706176, 19086.733433345515]","[588230.5234992371, 205554.78005963424, 39585.84290706176, 19086.733433345515]","[156931.7902561352, 138846.00974967674, 39585.84290706176, 19086.733433345515]","[196971.58716314504, 141869.92230502013, 39585.84290706176, 19086.733433345515]","[179762.34253896755, 146961.39529446664, 39585.84290706176, 19086.733433345515]","[151223.88015977846, 136471.46772098428, 39585.84290706176, 19086.733433345515]","[189155.07803217223, 148810.11703566415, 39585.84290706176, 19086.733433345515]","[192108.6118998652, 155141.43344034365, 39585.84290706176, 19086.733433345515]","[162402.832610595, 139979.14107857208, 39585.84290706176, 19086.733433345515]","[283397.73943917657, 150658.79069960702, 39585.84290706176, 19086.733433345515]","[151716.27679532237, 142488.3593036924, 39585.84290706176, 19086.733433345515]","[184631.9702289689, 152404.93071942028, 39585.84290706176, 19086.733433345515]","[180782.40137789043, 145906.86062830547, 39585.84290706176, 19086.733433345515]","[178657.95501308545, 137689.20626848863, 39585.84290706176, 19086.733433345515]","[361017.64698280103, 176780.9244290979, 39585.84290706176, 19086.733433345515]","[141324.72281597188, 135358.13987015362, 39585.84290706176, 19086.733433345515]","[161488.58755326326, 140615.85707441036, 39585.84290706176, 19086.733433345515]","[147289.90620688032, 136849.30159247635, 39585.84290706176, 19086.733433345515]","[161766.60305796596, 145031.4167108476, 39585.84290706176, 19086.733433345515]","[150889.20982172838, 140200.63030439365, 39585.84290706176, 19086.733433345515]","[163242.9870733849, 144234.71902229293, 39585.84290706176, 19086.733433345515]","[141003.23092690622, 136816.12444996132, 39585.84290706176, 19086.733433345515]"
"[205236.10956680324, 167983.41376926083, 51999.846357124916, 21398.645927070844]","[172358.72837989076, 160967.74053355324, 51999.846357124916, 21398.645927070844]","[162407.13077488597, 158144.73977330045, 51999.846357124916, 21398.645927070844]","[290996.48020411417, 185331.60397213197, 51999.846357124916, 21398.645927070844]","[269983.49989878957, 184880.8773893507, 51999.846357124916, 21398.645927070844]","[248995.60967204603, 191376.6280762328, 51999.846357124916, 21398.645927070844]","[183481.38251388105, 159051.16972539143, 51999.846357124916, 21398.645927070844]","[204778.54259480408, 168303.73759566, 51999.846357124916, 21398.645927070844]","[171369.61506279014, 163007.67933380484, 51999.846357124916, 21398.645927070844]","[181404.26200286567, 166814.29234746646, 51999.846357124916, 21398.645927070844]","[215201.53656604784, 181263.1582767604, 51999.846357124916, 21398.645927070844]","[304608.042391923, 202228.11834135634, 51999.846357124916, 21398.645927070844]","[270198.05446543026, 183554.70625822156, 51999.846357124916, 21398.645927070844]","[192450.36744791697, 165896.58646821114, 51999.846357124916, 21398.645927070844]","[189474.2603800239, 174428.53029533217, 51999.846357124916, 21398.645927070844]","[173540.93966567892, 159853.1387590304, 51999.846357124916, 21398.645927070844]","[199292.98483540365, 169856.37012699016, 51999.846357124916, 21398.645927070844]","[171953.5964670175, 161605.7625523693, 51999.846357124916, 21398.645927070844]","[205781.96612305343, 168927.8952789774, 51999.846357124916, 21398.645927070844]","[193826.5337075278, 166224.9065024031, 51999.846357124916, 21398.645927070844]","[174076.77137323676, 160406.80926187354, 51999.846357124916, 21398.645927070844]","[211152.6455284574, 176540.84186053937, 51999.846357124916, 21398.645927070844]","[173394.91805522432, 162077.05747661344, 51999.846357124916, 21398.645927070844]","[206598.92275308428, 190841.25100014894, 51999.846357124916, 21398.645927070844]","[248136.77952906227, 177146.72581380242, 51999.846357124916, 21398.645927070844]","[201024.13827777296, 166469.1071197261, 51999.846357124916, 21398.645927070844]","[225886.36820052148, 175864.33100471285, 51999.846357124916, 21398.645927070844]","[183063.7584621753, 169820.8967857738, 51999.846357124916, 21398.645927070844]","[187106.5119131388, 158327.3702042169, 51999.846357124916, 21398.645927070844]","[165664.59055686145, 159753.76554134852, 51999.846357124916, 21398.645927070844]","[186658.12420298607, 160180.90211867902, 51999.846357124916, 21398.645927070844]","[235634.6096633505, 177713.47652792465, 51999.846357124916, 21398.645927070844]","[253658.7911078418, 170622.5126191486, 51999.846357124916, 21398.645927070844]","[294132.30700134544, 193098.65697054472, 51999.846357124916, 21398.645927070844]","[204492.55125703, 162923.28435926625, 51999.846357124916, 21398.645927070844]","[189094.72471441765, 168613.5118832004, 51999.846357124916, 21398.645927070844]","[207573.99010082133, 184238.84389353453, 51999.846357124916, 21398.645927070844]","[238366.13041006177, 181147.66435021258, 51999.846357124916, 21398.645927070844]","[270000.1112832806, 188117.65653511338, 51999.846357124916, 21398.645927070844]","[174104.0122122788, 162522.5518133121, 51999.846357124916, 21398.645927070844]","[221990.0577402344, 172014.7396482055, 51999.846357124916, 21398.645927070844]","[202968.42966842937, 171679.37649844144, 51999.846357124916, 21398.645927070844]","[191829.89303847132, 159673.7999899928, 51999.846357124916, 21398.645927070844]","[172628.7945846821, 161352.8644523717, 51999.846357124916, 21398.645927070844]","[235141.13546900783, 177002.93523337806, 51999.846357124916, 21398.645927070844]","[183810.6766382871, 167152.49497940502, 51999.846357124916, 21398.645927070844]","[212445.0903072065, 180708.5378814136, 51999.846357124916, 21398.645927070844]","[211717.53572084758, 166387.11396696646, 51999.846357124916, 21398.645927070844]","[242897.1621092873, 174018.53849587188, 51999.846357124916, 21398.645927070844]","[296204.8481564795, 188257.5270204509, 51999.846357124916, 21398.645927070844]"
"[172266.22113241573, 152593.50262652323, 38657.4683792762, 21694.343855344967]","[269194.2679687038, 177724.25321299623, 38657.4683792762, 21694.343855344967]","[191595.09067455103, 166431.5016432095, 38657.4683792762, 21694.343855344967]","[428172.18112779025, 241792.08273814063, 38657.4683792762, 21694.343855344967]","[176798.9085932372, 158710.20745708735, 38657.4683792762, 21694.343855344967]","[231060.70884069055, 161770.43014671924, 38657.4683792762, 21694.343855344967]","[199214.4864908627, 164377.9175276019, 38657.4683792762, 21694.343855344967]","[211724.8084453675, 155084.29429531095, 38657.4683792762, 21694.343855344967]","[148776.72043011835, 145945.98690482235, 38657.4683792762, 21694.343855344967]","[179493.71163302253, 157440.33078327784, 38657.4683792762, 21694.343855344967]","[185065.70399301752, 150498.33689258012, 38657.4683792762, 21694.343855344967]","[169355.21017197537, 148845.42693821422, 38657.4683792762, 21694.343855344967]","[215084.49625538386, 162029.2808690528, 38657.4683792762, 21694.343855344967]","[198273.91684922078, 164129.9905124555, 38657.4683792762, 21694.343855344967]","[210506.01237752748, 156070.78017085564, 38657.4683792762, 21694.343855344967]","[167698.26486315017, 150799.17259166556, 38657.4683792762, 21694.343855344967]","[159203.16800179705, 146705.40792254393, 38657.4683792762, 21694.343855344967]","[174929.4975979515, 154849.1027220195, 38657.4683792762, 21694.343855344967]","[205336.55857701428, 154732.05443223348, 38657.4683792762, 21694.343855344967]","[170782.03128388207, 152044.6718009785, 38657.4683792762, 21694.343855344967]","[161774.4728172906, 149019.45029474047, 38657.4683792762, 21694.343855344967]","[172192.935566506, 155932.70940369315, 38657.4683792762, 21694.343855344967]","[160474.70901211843, 149482.54638304483, 38657.4683792762, 21694.343855344967]","[186249.32288020756, 157880.78431633263, 38657.4683792762, 21694.343855344967]","[190512.00481696895, 155979.5742701342, 38657.4683792762, 21694.343855344967]","[240250.96085221952, 166721.35857957634, 38657.4683792762, 21694.343855344967]","[205084.18033513482, 153934.32915358935, 38657.4683792762, 21694.343855344967]","[176341.6885415359, 162935.70215436473, 38657.4683792762, 21694.343855344967]","[191791.1434340053, 153286.0862378268, 38657.4683792762, 21694.343855344967]","[186461.39926822693, 153794.4420195828, 38657.4683792762, 21694.343855344967]","[206557.8506962823, 167364.9056638186, 38657.4683792762, 21694.343855344967]","[228546.30816939977, 166136.34006794132, 38657.4683792762, 21694.343855344967]","[168201.02952772423, 154083.83908588244, 38657.4683792762, 21694.343855344967]","[201504.72674049457, 156756.80769616753, 38657.4683792762, 21694.343855344967]","[201739.12411171387, 162283.5553209843, 38657.4683792762, 21694.343855344967]","[165475.2862373737, 151627.751882624, 38657.4683792762, 21694.343855344967]","[270036.063199857, 172015.83826742327, 38657.4683792762, 21694.343855344967]","[179598.1061028823, 157890.12632996423, 38657.4683792762, 21694.343855344967]","[187915.7464841048, 159532.84799680108, 38657.4683792762, 21694.343855344967]","[169834.70171172504, 150604.93231844102, 38657.4683792762, 21694.343855344967]","[213693.49537875556, 171039.31987301185, 38657.4683792762, 21694.343855344967]","[171119.00433383157, 158066.6619074015, 38657.4683792762, 21694.343855344967]","[156473.7842095056, 146862.44012030252, 38657.4683792762, 21694.343855344967]","[197579.14757799334, 164785.36451715237, 38657.4683792762, 21694.343855344967]","[155879.83284959244, 149670.5979178222, 38657.4683792762, 21694.343855344967]","[173266.85145473777, 156100.83794807747, 38657.4683792762, 21694.343855344967]","[181417.65351112702, 159723.9205983043, 38657.4683792762, 21694.343855344967]","[209005.55406342805, 163070.4184475507, 38657.4683792762, 21694.343855344967]","[158486.89623672, 149307.03693767707, 38657.4683792762, 21694.343855344967]","[150213.0694836044, 147159.15086195891, 38657.4683792762, 21694.343855344967]"
"[156960.2052327213, 144646.05103066203, 41008.92107947763, 19402.28495162231]","[171329.36892984377, 148267.16637570199, 41008.92107947763, 19402.28495162231]","[207883.1993025629, 167306.23656666535, 41008.92107947763, 19402.28495162231]","[226397.4699579473, 156410.25861707263, 41008.92107947763, 19402.28495162231]","[155159.8315360015, 146967.7080413695, 41008.92107947763, 19402.28495162231]","[345507.48063069035, 175614.94553082026, 41008.92107947763, 19402.28495162231]","[193946.2849475594, 157445.2519119707, 41008.92107947763, 19402.28495162231]","[186146.32694344732, 144887.72764891695, 41008.92107947763, 19402.28495162231]","[155793.81826108941, 140401.18294929198, 41008.92107947763, 19402.28495162231]","[322082.549729672, 154138.4299688498, 41008.92107947763, 19402.28495162231]","[172147.58052859947, 152292.3447215763, 41008.92107947763, 19402.28495162231]","[195452.15064126116, 147824.6929895934, 41008.92107947763, 19402.28495162231]","[206029.3014675714, 154672.66336730562, 41008.92107947763, 19402.28495162231]","[168236.34058670263, 146212.70366240753, 41008.92107947763, 19402.28495162231]","[155609.54915683393, 148152.79876287485, 41008.92107947763, 19402.28495162231]","[304171.7398612706, 158967.1034072306, 41008.92107947763, 19402.28495162231]","[136612.0989542878, 133920.31215551152, 41008.92107947763, 19402.28495162231]","[181303.39283256873, 148229.35742925561, 41008.92107947763, 19402.28495162231]","[254944.84256123868, 182884.06917715224, 41008.92107947763, 19402.28495162231]","[435687.0079266181, 238992.20512556433, 41008.92107947763, 19402.28495162231]","[227752.05697592857, 152830.70984455306, 41008.92107947763, 19402.28495162231]","[174843.27970379524, 144004.3664123877, 41008.92107947763, 19402.28495162231]","[157205.83224860215, 141983.4818042202, 41008.92107947763, 19402.28495162231]","[148840.25001196522, 140980.4527890859, 41008.92107947763, 19402.28495162231]","[187510.83422113545, 145686.75244555596, 41008.92107947763, 19402.28495162231]","[163894.0643854371, 140547.13902798362, 41008.92107947763, 19402.28495162231]","[419735.374931574, 210683.2337869358, 41008.92107947763, 19402.28495162231]","[158809.8142453582, 142658.93874576382, 41008.92107947763, 19402.28495162231]","[161967.64298288574, 139609.2629658587, 41008.92107947763, 19402.28495162231]","[148914.9083880978, 140213.85128454343, 41008.92107947763, 19402.28495162231]","[366277.56191617023, 165586.42079213, 41008.92107947763, 19402.28495162231]","[313125.1321897776, 179467.60743472405, 41008.92107947763, 19402.28495162231]","[153721.84614641935, 140929.47975383158, 41008.92107947763, 19402.28495162231]","[159605.22392377869, 147887.1965253253, 41008.92107947763, 19402.28495162231]","[222065.28764289216, 170762.42531777653, 41008.92107947763, 19402.28495162231]","[146042.45128775714, 140038.9620164706, 41008.92107947763, 19402.28495162231]","[177450.69946582455, 151064.1898292128, 41008.92107947763, 19402.28495162231]","[276315.72245393443, 161757.44462270176, 41008.92107947763, 19402.28495162231]","[203419.5829447567, 149184.8515514771, 41008.92107947763, 19402.28495162231]","[166254.47925430987, 147590.47775432988, 41008.92107947763, 19402.28495162231]","[241445.97091386313, 179308.03087682032, 41008.92107947763, 19402.28495162231]","[167250.684220902, 141579.72918535367, 41008.92107947763, 19402.28495162231]","[152332.7294838367, 145841.54264157446, 41008.92107947763, 19402.28495162231]","[173335.83698914666, 151980.83339122054, 41008.92107947763, 19402.28495162231]","[147040.33473900048, 141193.8754963898, 41008.92107947763, 19402.28495162231]","[195279.61402566716, 143032.21867223893, 41008.92107947763, 19402.28495162231]","[145411.37275536306, 138767.98362721066, 41008.92107947763, 19402.28495162231]","[363150.9280158279, 167445.56343880168, 41008.92107947763, 19402.28495162231]","[182461.5862470273, 142674.74123716366, 41008.92107947763, 19402.28495162231]","[190147.76231715034, 153585.53287488545, 41008.92107947763, 19402.28495162231]"
"[162680.53169203125, 150581.27108916326, 17427.45549763124, 21005.72896276242]","[149657.26332278422, 133716.25142200544, 17427.45549763124, 21005.72896276242]","[160485.07129132832, 130542.85592177186, 17427.45549763124, 21005.72896276242]","[126552.91854833967, 123088.13314515876, 17427.45549763124, 21005.72896276242]","[158288.43250581808, 128425.64889812146, 17427.45549763124, 21005.72896276242]","[134701.79444142815, 122461.6148516303, 17427.45549763124, 21005.72896276242]","[192954.02784631966, 157133.47600755305, 17427.45549763124, 21005.72896276242]","[188347.3663658102, 146485.61201847054, 17427.45549763124, 21005.72896276242]","[288628.97525601793, 168148.95960782407, 17427.45549763124, 21005.72896276242]","[515578.9419252216, 178548.55575615726, 17427.45549763124, 21005.72896276242]","[142384.1535466575, 131567.343776384, 17427.45549763124, 21005.72896276242]","[212447.3810923619, 159759.07913066598, 17427.45549763124, 21005.72896276242]","[150198.57507737837, 131628.80500338002, 17427.45549763124, 21005.72896276242]","[147625.93237871688, 127285.43575656207, 17427.45549763124, 21005.72896276242]","[165658.56442202252, 132008.4485158797, 17427.45549763124, 21005.72896276242]","[239978.65789218122, 139371.86266221316, 17427.45549763124, 21005.72896276242]","[137619.61622695683, 128003.09843414742, 17427.45549763124, 21005.72896276242]","[182379.79947532926, 135169.09638037934, 17427.45549763124, 21005.72896276242]","[133994.5886946246, 122613.9059428838, 17427.45549763124, 21005.72896276242]","[328929.63938851573, 144596.19567616042, 17427.45549763124, 21005.72896276242]","[211286.27809246499, 142210.377714293, 17427.45549763124, 21005.72896276242]","[151603.07576158203, 134566.65498042703, 17427.45549763124, 21005.72896276242]","[161694.04539982564, 130612.72752556158, 17427.45549763124, 21005.72896276242]","[129826.57285101962, 124490.75089635406, 17427.45549763124, 21005.72896276242]","[167492.09024830995, 132837.47721241522, 17427.45549763124, 21005.72896276242]","[151982.9654370614, 136637.30444709436, 17427.45549763124, 21005.72896276242]","[131932.41941144044, 124667.00175857396, 17427.45549763124, 21005.72896276242]","[165681.62864892042, 127918.88169476284, 17427.45549763124, 21005.72896276242]","[215931.2022005296, 129490.34074862176, 17427.45549763124, 21005.72896276242]","[179987.16000468197, 136661.97797556236, 17427.45549763124, 21005.72896276242]","[140405.11222746357, 126498.13922365876, 17427.45549763124, 21005.72896276242]","[174744.5843920026, 137998.05825320393, 17427.45549763124, 21005.72896276242]","[132441.04707701073, 119538.25741750358, 17427.45549763124, 21005.72896276242]","[152405.21287621066, 131115.6735116908, 17427.45549763124, 21005.72896276242]","[139737.0802457858, 124919.80891038592, 17427.45549763124, 21005.72896276242]","[129758.6748940802, 126392.81116930374, 17427.45549763124, 21005.72896276242]","[372413.59755825426, 233658.1691693332, 17427.45549763124, 21005.72896276242]","[152047.10388343636, 135137.38697176336, 17427.45549763124, 21005.72896276242]","[152215.2382386122, 145725.50836307384, 17427.45549763124, 21005.72896276242]","[216648.90857054322, 153844.39628369408, 17427.45549763124, 21005.72896276242]","[155489.04118308017, 131386.59473209662, 17427.45549763124, 21005.72896276242]","[211710.10604547148, 143955.13191328975, 17427.45549763124, 21005.72896276242]","[192551.40474680066, 136581.41469832356, 17427.45549763124, 21005.72896276242]","[242040.14005591595, 198331.86991057653, 17427.45549763124, 21005.72896276242]","[136472.7885514431, 128233.3821343628, 17427.45549763124, 21005.72896276242]","[352146.0515746255, 179818.6051194179, 17427.45549763124, 21005.72896276242]","[345799.420773648, 144283.42099838046, 17427.45549763124, 21005.72896276242]","[153482.75188795105, 129964.66753358075, 17427.45549763124, 21005.72896276242]","[155862.48716658886, 135352.05150331956, 17427.45549763124, 21005.72896276242]","[167261.9653940129, 130808.6163801807, 17427.45549763124, 21005.72896276242]"
"[226494.7369573191, 160442.1765099603, 61442.49222050059, 15628.323987090273]","[167755.46396103434, 159198.61256720306, 61442.49222050059, 15628.323987090273]","[158360.31590957765, 147862.90636772173, 61442.49222050059, 15628.323987090273]","[153083.78255948235, 146780.9329472275, 61442.49222050059, 15628.323987090273]","[173781.01909728537, 154369.56228827505, 61442.49222050059, 15628.323987090273]","[263785.6440602031, 156254.0919225213, 61442.49222050059, 15628.323987090273]","[231660.53118650685, 156340.43629991, 61442.49222050059, 15628.323987090273]","[163728.54664897526, 145700.06124149865, 61442.49222050059, 15628.323987090273]","[147744.99335046852, 141884.72645774487, 61442.49222050059, 15628.323987090273]","[318814.2920398063, 155121.7064798124, 61442.49222050059, 15628.323987090273]","[158653.78931321102, 145917.31052090056, 61442.49222050059, 15628.323987090273]","[162321.19035237696, 152094.19205928242, 61442.49222050059, 15628.323987090273]","[156840.19461310888, 143858.92162565063, 61442.49222050059, 15628.323987090273]","[142933.76958537407, 140458.26354304262, 61442.49222050059, 15628.323987090273]","[175897.49515707084, 155177.41360139317, 61442.49222050059, 15628.323987090273]","[154748.93229947065, 143880.59341758626, 61442.49222050059, 15628.323987090273]","[170782.31035381908, 154060.63339199597, 61442.49222050059, 15628.323987090273]","[149080.0082036567, 144892.6393943324, 61442.49222050059, 15628.323987090273]","[244679.93405548157, 153955.99926904615, 61442.49222050059, 15628.323987090273]","[153477.18122880088, 145572.8759495102, 61442.49222050059, 15628.323987090273]","[145094.5080105729, 142201.68755417454, 61442.49222050059, 15628.323987090273]","[155879.17765729254, 143934.5569008613, 61442.49222050059, 15628.323987090273]","[181026.96894867392, 145184.45073394146, 61442.49222050059, 15628.323987090273]","[149038.769215819, 140925.56800778006, 61442.49222050059, 15628.323987090273]","[224671.1646871814, 158287.8548244855, 61442.49222050059, 15628.323987090273]","[224106.21812067102, 161932.1335866003, 61442.49222050059, 15628.323987090273]","[142465.04616161436, 138767.57690608242, 61442.49222050059, 15628.323987090273]","[162811.05565289155, 142116.41137153422, 61442.49222050059, 15628.323987090273]","[179895.51006772812, 153832.3734114527, 61442.49222050059, 15628.323987090273]","[247587.59715443506, 151061.4841442197, 61442.49222050059, 15628.323987090273]","[147736.18670792377, 140960.97970168394, 61442.49222050059, 15628.323987090273]","[149697.15598112304, 141806.06830447924, 61442.49222050059, 15628.323987090273]","[172922.37603296307, 147738.44760470095, 61442.49222050059, 15628.323987090273]","[157028.36313814082, 145900.18426096888, 61442.49222050059, 15628.323987090273]","[163802.31301802583, 146719.09916490145, 61442.49222050059, 15628.323987090273]","[157591.90429573218, 144507.78346893642, 61442.49222050059, 15628.323987090273]","[149754.6834469695, 142508.00837619428, 61442.49222050059, 15628.323987090273]","[285556.608154034, 161046.41906415715, 61442.49222050059, 15628.323987090273]","[155578.87062774788, 145445.91625316456, 61442.49222050059, 15628.323987090273]","[162192.66346933314, 147091.34431468797, 61442.49222050059, 15628.323987090273]","[157544.43555442337, 142496.3795047672, 61442.49222050059, 15628.323987090273]","[161318.02985759085, 145359.0438647924, 61442.49222050059, 15628.323987090273]","[171675.43344593007, 148544.65786674301, 61442.49222050059, 15628.323987090273]","[152616.53819586095, 141606.86412646325, 61442.49222050059, 15628.323987090273]","[163576.81498697496, 145245.98763949279, 61442.49222050059, 15628.323987090273]","[170547.43870532894, 149503.05754312663, 61442.49222050059, 15628.323987090273]","[166031.22641751455, 146289.78657334964, 61442.49222050059, 15628.323987090273]","[145420.9518601184, 140891.3221370352, 61442.49222050059, 15628.323987090273]","[169150.07236287984, 148844.92447075542, 61442.49222050059, 15628.323987090273]","[198748.22875157496, 153525.56114549676, 61442.49222050059, 15628.323987090273]"
"[165967.4039119474, 147704.01574449363, 55961.49686453127, 17573.072248856537]","[142872.13117025344, 141658.91529625485, 55961.49686453127, 17573.072248856537]","[215266.8669825777, 153447.26323712664, 55961.49686453127, 17573.072248856537]","[160151.7197618328, 147420.87253567795, 55961.49686453127, 17573.072248856537]","[177561.82797966246, 148667.45573860593, 55961.49686453127, 17573.072248856537]","[162480.79073115587, 155803.11680040415, 55961.49686453127, 17573.072248856537]","[143197.3824432584, 141564.13123549084, 55961.49686453127, 17573.072248856537]","[153114.58810193944, 145727.77271098096, 55961.49686453127, 17573.072248856537]","[208438.98958836737, 154215.4829906382, 55961.49686453127, 17573.072248856537]","[171734.44373528767, 156455.23026174458, 55961.49686453127, 17573.072248856537]","[190518.65131224843, 154069.84881794453, 55961.49686453127, 17573.072248856537]","[172108.67577863223, 146277.97248674472, 55961.49686453127, 17573.072248856537]","[186314.5333980964, 149475.60125001607, 55961.49686453127, 17573.072248856537]","[162720.11529597582, 150409.82593956427, 55961.49686453127, 17573.072248856537]","[191250.3933936463, 168173.96971349564, 55961.49686453127, 17573.072248856537]","[183013.04762521415, 153351.4964775768, 55961.49686453127, 17573.072248856537]","[317670.15091281064, 146822.97873243672, 55961.49686453127, 17573.072248856537]","[196439.64067829365, 158753.05200022904, 55961.49686453127, 17573.072248856537]","[150254.43394818538, 143372.6544925608, 55961.49686453127, 17573.072248856537]","[256975.70480163157, 162141.78854614403, 55961.49686453127, 17573.072248856537]","[265989.5608916527, 172811.60469516367, 55961.49686453127, 17573.072248856537]","[153205.28470271712, 144894.87247237354, 55961.49686453127, 17573.072248856537]","[181998.0587305253, 164166.42128303513, 55961.49686453127, 17573.072248856537]","[180281.26976922987, 149504.14947717823, 55961.49686453127, 17573.072248856537]","[163294.4430189619, 151247.0849997574, 55961.49686453127, 17573.072248856537]","[262604.0350575595, 184593.75457765127, 55961.49686453127, 17573.072248856537]","[394694.9625845073, 187190.76277001965, 55961.49686453127, 17573.072248856537]","[208185.77614291944, 168068.1820851211, 55961.49686453127, 17573.072248856537]","[224703.68614747448, 162640.48246780128, 55961.49686453127, 17573.072248856537]","[185290.03045368046, 151016.00649057553, 55961.49686453127, 17573.072248856537]","[160144.1342047245, 148353.79201063144, 55961.49686453127, 17573.072248856537]","[199081.42877896514, 164231.7427443485, 55961.49686453127, 17573.072248856537]","[186383.4645231639, 151604.61461729658, 55961.49686453127, 17573.072248856537]","[150168.38696589688, 144776.6436597357, 55961.49686453127, 17573.072248856537]","[165475.13489882517, 155378.85948702678, 55961.49686453127, 17573.072248856537]","[184458.08512844506, 152272.40223430182, 55961.49686453127, 17573.072248856537]","[161274.8665432119, 148342.20467590838, 55961.49686453127, 17573.072248856537]","[155321.86890295424, 148676.23824603684, 55961.49686453127, 17573.072248856537]","[214148.7986072183, 168299.98972339425, 55961.49686453127, 17573.072248856537]","[206756.33337986382, 158871.52751211298, 55961.49686453127, 17573.072248856537]","[289924.2151054922, 201330.68949463678, 55961.49686453127, 17573.072248856537]","[405786.9698754224, 161009.82451017492, 55961.49686453127, 17573.072248856537]","[183293.45938839568, 161873.96397627715, 55961.49686453127, 17573.072248856537]","[167778.20261370175, 149093.1356467809, 55961.49686453127, 17573.072248856537]","[333016.03712621646, 153248.83972481638, 55961.49686453127, 17573.072248856537]","[150091.2092187743, 144129.64213619303, 55961.49686453127, 17573.072248856537]","[193002.3015523138, 154565.44509283497, 55961.49686453127, 17573.072248856537]","[178240.08672561104, 152739.61333125152, 55961.49686453127, 17573.072248856537]","[160461.74625830023, 149926.02142545406, 55961.49686453127, 17573.072248856537]","[182332.30439352864, 149913.22710460538, 55961.49686453127, 17573.072248856537]"
"[162511.03536249948, 140903.19187180977, 43323.240790325, 18674.919119891354]","[142610.4419945799, 138427.54543017098, 43323.240790325, 18674.919119891354]","[205279.45557759394, 145646.1657149477, 43323.240790325, 18674.919119891354]","[157295.52195746917, 147599.70055870942, 43323.240790325, 18674.919119891354]","[186571.81179456215, 143792.47504215356, 43323.240790325, 18674.919119891354]","[148995.33107820922, 140521.0151423502, 43323.240790325, 18674.919119891354]","[167775.59064720705, 151260.48599069775, 43323.240790325, 18674.919119891354]","[160760.9250858926, 143167.7040607316, 43323.240790325, 18674.919119891354]","[214736.64818223007, 153335.3719848755, 43323.240790325, 18674.919119891354]","[273461.7006038999, 148656.90036334618, 43323.240790325, 18674.919119891354]","[184164.8895452152, 149090.4336545487, 43323.240790325, 18674.919119891354]","[143679.47613815812, 142730.65139506749, 43323.240790325, 18674.919119891354]","[212022.4951790516, 158348.3587478425, 43323.240790325, 18674.919119891354]","[277994.3194044269, 153636.17999054847, 43323.240790325, 18674.919119891354]","[220894.13902189344, 144719.70691677489, 43323.240790325, 18674.919119891354]","[170586.94994441682, 146665.0266380252, 43323.240790325, 18674.919119891354]","[253397.38126496476, 179853.11343313992, 43323.240790325, 18674.919119891354]","[163265.1806338784, 142545.6648403439, 43323.240790325, 18674.919119891354]","[139209.80497519526, 136379.6105535986, 43323.240790325, 18674.919119891354]","[231763.75756675258, 144983.66968173443, 43323.240790325, 18674.919119891354]","[174026.4440312967, 135217.37078115187, 43323.240790325, 18674.919119891354]","[147765.387886917, 135910.8577064534, 43323.240790325, 18674.919119891354]","[161202.5615489151, 143847.20508325106, 43323.240790325, 18674.919119891354]","[179935.29632173333, 137142.26942499317, 43323.240790325, 18674.919119891354]","[149709.49716323556, 142219.43451833221, 43323.240790325, 18674.919119891354]","[151568.59464701277, 141064.76530318405, 43323.240790325, 18674.919119891354]","[158373.64943743945, 145387.72298273246, 43323.240790325, 18674.919119891354]","[149679.6872802229, 139874.3025694009, 43323.240790325, 18674.919119891354]","[158793.61671194874, 142988.5688258318, 43323.240790325, 18674.919119891354]","[198390.47428701256, 153363.3521249786, 43323.240790325, 18674.919119891354]","[149536.24481991347, 140264.32008448508, 43323.240790325, 18674.919119891354]","[195876.07178468478, 159480.8892782829, 43323.240790325, 18674.919119891354]","[158216.79968344988, 146981.68187488435, 43323.240790325, 18674.919119891354]","[137864.46112763282, 136704.29896374067, 43323.240790325, 18674.919119891354]","[148969.21116505098, 137538.93494283844, 43323.240790325, 18674.919119891354]","[205964.82936210537, 158983.6282328133, 43323.240790325, 18674.919119891354]","[140255.29912645265, 137669.18783866745, 43323.240790325, 18674.919119891354]","[153715.47921066472, 141636.1461604046, 43323.240790325, 18674.919119891354]","[156684.44164458505, 143365.7215483974, 43323.240790325, 18674.919119891354]","[191909.8659885227, 149402.0694631302, 43323.240790325, 18674.919119891354]","[154804.55749812795, 146108.1811423168, 43323.240790325, 18674.919119891354]","[166314.48238553337, 148625.7677551275, 43323.240790325, 18674.919119891354]","[153342.92248140945, 142147.64012228025, 43323.240790325, 18674.919119891354]","[263315.7776929092, 159251.96846513113, 43323.240790325, 18674.919119891354]","[177814.44359400263, 152785.42821748072, 43323.240790325, 18674.919119891354]","[149608.38885149846, 144831.29734928062, 43323.240790325, 18674.919119891354]","[159814.22533862037, 144977.4745914226, 43323.240790325, 18674.919119891354]","[273404.58595617587, 148947.16228313904, 43323.240790325, 18674.919119891354]","[148077.55228714735, 139733.711021166, 43323.240790325, 18674.919119891354]","[169399.70720309683, 147337.31962857343, 43323.240790325, 18674.919119891354]"
"[157004.37040496923, 149506.42202406595, 32291.20468821114, 23350.67727734384]","[259843.57197678206, 180060.58044459214, 32291.20468821114, 23350.67727734384]","[275080.6136681818, 196619.6204467597, 32291.20468821114, 23350.67727734384]","[189565.41998134225, 166348.77106868025, 32291.20468821114, 23350.67727734384]","[176768.869964661, 155661.5327964953, 32291.20468821114, 23350.67727734384]","[370413.1302892635, 165327.09347603397, 32291.20468821114, 23350.67727734384]","[304879.1601972111, 175216.55032744838, 32291.20468821114, 23350.67727734384]","[201721.84514880524, 166136.6741407986, 32291.20468821114, 23350.67727734384]","[267585.52611493855, 157906.18574399757, 32291.20468821114, 23350.67727734384]","[165742.38997015473, 158328.7263588439, 32291.20468821114, 23350.67727734384]","[152731.51559214666, 148790.75472564384, 32291.20468821114, 23350.67727734384]","[217887.96362327476, 157357.9437492028, 32291.20468821114, 23350.67727734384]","[257560.17811024826, 179912.83973787204, 32291.20468821114, 23350.67727734384]","[459774.7099039095, 202014.27500973662, 32291.20468821114, 23350.67727734384]","[303271.9314321694, 177646.19443810804, 32291.20468821114, 23350.67727734384]","[164116.20398856737, 151591.4832216747, 32291.20468821114, 23350.67727734384]","[298276.79945264495, 171999.7920423867, 32291.20468821114, 23350.67727734384]","[183704.93028817562, 152836.7094923461, 32291.20468821114, 23350.67727734384]","[371153.28059850796, 192246.35627820058, 32291.20468821114, 23350.67727734384]","[271644.2663788138, 172321.95756806465, 32291.20468821114, 23350.67727734384]","[229844.33009638046, 170972.2100355126, 32291.20468821114, 23350.67727734384]","[200098.41894673198, 157605.7360891079, 32291.20468821114, 23350.67727734384]","[184383.11802810142, 159260.9535764539, 32291.20468821114, 23350.67727734384]","[164612.48498987246, 155147.44946987514, 32291.20468821114, 23350.67727734384]","[265599.45481240255, 193349.67720457702, 32291.20468821114, 23350.67727734384]","[203264.6046577687, 159298.93695633436, 32291.20468821114, 23350.67727734384]","[154199.7248324588, 148881.27125121988, 32291.20468821114, 23350.67727734384]","[214465.36189229164, 155101.26967538052, 32291.20468821114, 23350.67727734384]","[206510.93423532098, 159735.93606107763, 32291.20468821114, 23350.67727734384]","[265800.7662636939, 163638.146455852, 32291.20468821114, 23350.67727734384]","[200223.54121326742, 158007.27134349977, 32291.20468821114, 23350.67727734384]","[209246.05498295563, 180361.0170850032, 32291.20468821114, 23350.67727734384]","[199381.12944083952, 159915.16567774842, 32291.20468821114, 23350.67727734384]","[155936.55423783275, 149586.15261195312, 32291.20468821114, 23350.67727734384]","[165255.28399011743, 151655.20165481474, 32291.20468821114, 23350.67727734384]","[399355.4441988443, 212324.51387272292, 32291.20468821114, 23350.67727734384]","[232706.2245448689, 152529.017251728, 32291.20468821114, 23350.67727734384]","[192643.7093017242, 154371.43819920818, 32291.20468821114, 23350.67727734384]","[150773.60193047253, 146293.2857306852, 32291.20468821114, 23350.67727734384]","[182807.86926299345, 161486.28461424602, 32291.20468821114, 23350.67727734384]","[183830.59422163377, 152272.70316966486, 32291.20468821114, 23350.67727734384]","[257084.64591459197, 200890.113930127, 32291.20468821114, 23350.67727734384]","[176258.85150997122, 152309.5591209702, 32291.20468821114, 23350.67727734384]","[169688.26676499576, 154155.564928252, 32291.20468821114, 23350.67727734384]","[190635.03289117184, 159157.28613944977, 32291.20468821114, 23350.67727734384]","[178958.37277519703, 155546.37151590327, 32291.20468821114, 23350.67727734384]","[172528.63288446888, 152039.45489746155, 32291.20468821114, 23350.67727734384]","[192435.4170329029, 161814.03570188824, 32291.20468821114, 23350.67727734384]","[160847.81393760338, 153188.0469781883, 32291.20468821114, 23350.67727734384]","[185556.3000345084, 151845.69520813023, 32291.20468821114, 23350.67727734384]"
"[134488.81210650053, 124712.19523580474, 47977.5175497175, 14439.866063087902]","[133500.46473474146, 123648.85452613836, 47977.5175497175, 14439.866063087902]","[141084.90021887977, 131437.2254823384, 47977.5175497175, 14439.866063087902]","[133173.70996852632, 124248.34050237012, 47977.5175497175, 14439.866063087902]","[170972.21894882323, 131223.76865183254, 47977.5175497175, 14439.866063087902]","[189594.75561482587, 142070.45991362762, 47977.5175497175, 14439.866063087902]","[128187.62864042012, 122746.33240200403, 47977.5175497175, 14439.866063087902]","[144443.2353495943, 123798.82997872194, 47977.5175497175, 14439.866063087902]","[148793.92504835984, 135851.8238330081, 47977.5175497175, 14439.866063087902]","[129677.51496121433, 120533.78682310392, 47977.5175497175, 14439.866063087902]","[144451.3911936712, 126174.27626362022, 47977.5175497175, 14439.866063087902]","[132050.75661819137, 122854.35628439485, 47977.5175497175, 14439.866063087902]","[206232.44752687984, 135826.08246621606, 47977.5175497175, 14439.866063087902]","[137289.0875071267, 122239.92781863356, 47977.5175497175, 14439.866063087902]","[126438.46531673825, 121629.34417189828, 47977.5175497175, 14439.866063087902]","[259856.4871177032, 149920.04063208174, 47977.5175497175, 14439.866063087902]","[142443.67070739061, 127122.06056216275, 47977.5175497175, 14439.866063087902]","[192632.0558334515, 140940.80906478886, 47977.5175497175, 14439.866063087902]","[143409.32571342617, 128779.97302886141, 47977.5175497175, 14439.866063087902]","[170771.1941366134, 129048.43914422988, 47977.5175497175, 14439.866063087902]","[131272.42439629626, 123380.44418256398, 47977.5175497175, 14439.866063087902]","[130489.41133319211, 124026.90163465976, 47977.5175497175, 14439.866063087902]","[127886.10748024909, 122760.07214976738, 47977.5175497175, 14439.866063087902]","[147163.08471807576, 126653.25902458678, 47977.5175497175, 14439.866063087902]","[154657.01695266055, 130811.98556852428, 47977.5175497175, 14439.866063087902]","[139600.97372464606, 126887.71041793947, 47977.5175497175, 14439.866063087902]","[227313.80184903176, 144803.79741978148, 47977.5175497175, 14439.866063087902]","[157771.0496888851, 128832.18799325367, 47977.5175497175, 14439.866063087902]","[170570.41911119752, 131224.551763816, 47977.5175497175, 14439.866063087902]","[156036.85941248448, 136459.31685903147, 47977.5175497175, 14439.866063087902]","[175506.1052959552, 137711.7924163775, 47977.5175497175, 14439.866063087902]","[148307.81475983904, 127107.8997889371, 47977.5175497175, 14439.866063087902]","[133204.6208087699, 123778.30741225084, 47977.5175497175, 14439.866063087902]","[153363.4562450855, 127226.24305510706, 47977.5175497175, 14439.866063087902]","[118796.61035854659, 118983.30717407193, 47977.5175497175, 14439.866063087902]","[146418.71643046153, 125055.86367212569, 47977.5175497175, 14439.866063087902]","[122441.20709588888, 121331.8275835357, 47977.5175497175, 14439.866063087902]","[175935.86126064428, 138240.37466126852, 47977.5175497175, 14439.866063087902]","[158927.92822559242, 135933.6862402147, 47977.5175497175, 14439.866063087902]","[165147.82599327006, 132242.1556138588, 47977.5175497175, 14439.866063087902]","[138018.5043622209, 126353.20898591643, 47977.5175497175, 14439.866063087902]","[128783.63477731386, 122374.04765839799, 47977.5175497175, 14439.866063087902]","[135155.67074170674, 122713.27637413458, 47977.5175497175, 14439.866063087902]","[156297.05139670626, 123120.32997141464, 47977.5175497175, 14439.866063087902]","[171450.6659256054, 130416.90579174015, 47977.5175497175, 14439.866063087902]","[159076.51842134434, 130185.08860903273, 47977.5175497175, 14439.866063087902]","[132830.9346155453, 123693.80808527172, 47977.5175497175, 14439.866063087902]","[153162.41238515585, 128306.91627839062, 47977.5175497175, 14439.866063087902]","[142508.52371900505, 130071.11477703467, 47977.5175497175, 14439.866063087902]","[129937.40528265049, 124271.0930142457, 47977.5175497175, 14439.866063087902]"
"[173622.25372891204, 141685.73040053152, 35306.715181323045, 20290.684843656978]","[249899.7100123698, 158429.40310274682, 35306.715181323045, 20290.684843656978]","[150921.4415715558, 137418.80867437302, 35306.715181323045, 20290.684843656978]","[201481.08243320356, 157066.45940770922, 35306.715181323045, 20290.684843656978]","[176346.22040180134, 141640.20007294705, 35306.715181323045, 20290.684843656978]","[153568.66884958197, 140928.35140077386, 35306.715181323045, 20290.684843656978]","[285869.3196705235, 142140.3490634134, 35306.715181323045, 20290.684843656978]","[203893.94193369296, 159546.86831073606, 35306.715181323045, 20290.684843656978]","[186157.06061334748, 151415.2727635925, 35306.715181323045, 20290.684843656978]","[183764.45964137593, 153238.1231711683, 35306.715181323045, 20290.684843656978]","[194162.6126479152, 159000.2915799868, 35306.715181323045, 20290.684843656978]","[226578.2240212958, 159564.061681541, 35306.715181323045, 20290.684843656978]","[252089.69999400942, 157644.9832749286, 35306.715181323045, 20290.684843656978]","[194965.17924777805, 152775.53641411016, 35306.715181323045, 20290.684843656978]","[180038.08544473152, 146509.97516866087, 35306.715181323045, 20290.684843656978]","[165186.76859162663, 144529.9468310578, 35306.715181323045, 20290.684843656978]","[311397.4248080553, 181189.57201279042, 35306.715181323045, 20290.684843656978]","[223488.58326573652, 152372.6606719698, 35306.715181323045, 20290.684843656978]","[183730.66464152315, 140898.3472922941, 35306.715181323045, 20290.684843656978]","[176088.20942151576, 146140.7577177316, 35306.715181323045, 20290.684843656978]","[151402.39543850324, 141056.95802326992, 35306.715181323045, 20290.684843656978]","[302687.18602386216, 188399.05063631607, 35306.715181323045, 20290.684843656978]","[154866.79870121652, 138810.60106008963, 35306.715181323045, 20290.684843656978]","[172249.56679317032, 144488.5978002785, 35306.715181323045, 20290.684843656978]","[194707.59816980272, 151616.65230828035, 35306.715181323045, 20290.684843656978]","[150338.20861715567, 139286.84443203724, 35306.715181323045, 20290.684843656978]","[178864.23129484055, 149545.4317511646, 35306.715181323045, 20290.684843656978]","[235414.29322264713, 163708.14059408166, 35306.715181323045, 20290.684843656978]","[163489.83757938596, 142174.88650952833, 35306.715181323045, 20290.684843656978]","[195077.18222870858, 157464.25753345498, 35306.715181323045, 20290.684843656978]","[141062.96470720778, 139742.07723475705, 35306.715181323045, 20290.684843656978]","[208721.6638942105, 151532.06056435258, 35306.715181323045, 20290.684843656978]","[149812.97503326225, 142097.63498713373, 35306.715181323045, 20290.684843656978]","[171463.96425556272, 143543.552873566, 35306.715181323045, 20290.684843656978]","[167615.00304817973, 147964.47773738494, 35306.715181323045, 20290.684843656978]","[149556.24636271488, 142001.6443761314, 35306.715181323045, 20290.684843656978]","[140773.29804284664, 138041.05672219934, 35306.715181323045, 20290.684843656978]","[158468.70549311806, 142444.90511904442, 35306.715181323045, 20290.684843656978]","[272785.5305988524, 143758.00661177406, 35306.715181323045, 20290.684843656978]","[153355.07130319686, 140944.84711475865, 35306.715181323045, 20290.684843656978]","[189691.26203234168, 144280.41867047985, 35306.715181323045, 20290.684843656978]","[196837.24489583753, 155002.6353711362, 35306.715181323045, 20290.684843656978]","[188842.321305622, 154405.99391698372, 35306.715181323045, 20290.684843656978]","[239225.86154456562, 167260.50316225368, 35306.715181323045, 20290.684843656978]","[226519.34096818932, 144935.56478456565, 35306.715181323045, 20290.684843656978]","[144396.0848087282, 140749.62905952992, 35306.715181323045, 20290.684843656978]","[151393.3870275392, 141150.21654134538, 35306.715181323045, 20290.684843656978]","[170923.254033292, 145086.46966626827, 35306.715181323045, 20290.684843656978]","[159786.12195471223, 146853.91250684485, 35306.715181323045, 20290.684843656978]","[206228.26259836042, 165792.7344728648, 35306.715181323045, 20290.684843656978]"
"[224045.93296765228, 149025.4788900211, 43744.158550653854, 19659.505646698824]","[159246.6008261125, 146138.0897894163, 43744.158550653854, 19659.505646698824]","[140642.85130748604, 138269.18280334966, 43744.158550653854, 19659.505646698824]","[163507.29114796463, 151621.76240430528, 43744.158550653854, 19659.505646698824]","[236948.62353773022, 176896.5722419673, 43744.158550653854, 19659.505646698824]","[147058.95206900605, 142179.633639771, 43744.158550653854, 19659.505646698824]","[231630.64934163453, 168193.1605914825, 43744.158550653854, 19659.505646698824]","[154428.2789340863, 142250.82508699366, 43744.158550653854, 19659.505646698824]","[187110.09305653043, 148930.22046010956, 43744.158550653854, 19659.505646698824]","[158215.642608049, 148017.26034639392, 43744.158550653854, 19659.505646698824]","[219648.21596611617, 164592.4953471045, 43744.158550653854, 19659.505646698824]","[156727.10084219885, 142962.41655514252, 43744.158550653854, 19659.505646698824]","[203364.4565603828, 166069.1725057408, 43744.158550653854, 19659.505646698824]","[186188.5445572566, 156984.20763945344, 43744.158550653854, 19659.505646698824]","[161702.18419379834, 153140.54737596732, 43744.158550653854, 19659.505646698824]","[187925.8152737435, 157086.8982337413, 43744.158550653854, 19659.505646698824]","[291544.09083696234, 177932.28082644622, 43744.158550653854, 19659.505646698824]","[149731.00328088435, 142531.80492221986, 43744.158550653854, 19659.505646698824]","[177878.43868738253, 153405.48030987327, 43744.158550653854, 19659.505646698824]","[174230.60915495388, 151086.70573362918, 43744.158550653854, 19659.505646698824]","[283065.03181223286, 197228.893328291, 43744.158550653854, 19659.505646698824]","[227677.51093336436, 183861.1959926371, 43744.158550653854, 19659.505646698824]","[173131.37898371462, 157788.28802123026, 43744.158550653854, 19659.505646698824]","[173562.4705931447, 145857.04208791963, 43744.158550653854, 19659.505646698824]","[162694.69094309353, 150081.48948221016, 43744.158550653854, 19659.505646698824]","[172860.24090330605, 147122.84965046175, 43744.158550653854, 19659.505646698824]","[143275.30932062923, 141371.02492365162, 43744.158550653854, 19659.505646698824]","[204515.97040824228, 170974.47892408786, 43744.158550653854, 19659.505646698824]","[259212.89948314143, 206779.8491202491, 43744.158550653854, 19659.505646698824]","[147133.3267151317, 141405.6016104416, 43744.158550653854, 19659.505646698824]","[156590.7624933064, 147541.3187591799, 43744.158550653854, 19659.505646698824]","[154827.68363086617, 146278.54818507307, 43744.158550653854, 19659.505646698824]","[179292.72636111532, 150376.69709867198, 43744.158550653854, 19659.505646698824]","[160878.3537872429, 147099.29013454856, 43744.158550653854, 19659.505646698824]","[205888.19463668292, 170362.23477259465, 43744.158550653854, 19659.505646698824]","[163066.56417998325, 147838.30220666068, 43744.158550653854, 19659.505646698824]","[153370.7850235626, 145255.11845071492, 43744.158550653854, 19659.505646698824]","[158043.73183771642, 143209.26989682196, 43744.158550653854, 19659.505646698824]","[220325.09289296225, 176569.45299703852, 43744.158550653854, 19659.505646698824]","[175783.76756953922, 152171.7393648009, 43744.158550653854, 19659.505646698824]","[162068.7591854461, 148324.33803027793, 43744.158550653854, 19659.505646698824]","[187415.65520684596, 158145.01031435846, 43744.158550653854, 19659.505646698824]","[266199.07643499033, 181992.61906516014, 43744.158550653854, 19659.505646698824]","[144577.05960062548, 141758.7384964614, 43744.158550653854, 19659.505646698824]","[174399.2388533193, 147010.37825240084, 43744.158550653854, 19659.505646698824]","[182228.41727786098, 147757.82284331758, 43744.158550653854, 19659.505646698824]","[170981.87282952195, 156954.49321146533, 43744.158550653854, 19659.505646698824]","[231916.62191395403, 164364.39038400576, 43744.158550653854, 19659.505646698824]","[180890.0515047987, 155338.38731454077, 43744.158550653854, 19659.505646698824]","[220158.54781758244, 161452.57474815106, 43744.158550653854, 19659.505646698824]"
"[176739.2950194835, 163491.60673843647, 35329.02066248781, 24260.046686948437]","[214603.2237045015, 180652.9221221569, 35329.02066248781, 24260.046686948437]","[230195.4397699984, 171324.23268630914, 35329.02066248781, 24260.046686948437]","[186767.5157615334, 166462.3372268425, 35329.02066248781, 24260.046686948437]","[162536.61763632228, 159886.49326404938, 35329.02066248781, 24260.046686948437]","[172850.0843271908, 161687.14309230258, 35329.02066248781, 24260.046686948437]","[196342.7795571642, 166318.37865572478, 35329.02066248781, 24260.046686948437]","[209266.01121039054, 169682.5875881558, 35329.02066248781, 24260.046686948437]","[201007.15954908187, 164274.92427431478, 35329.02066248781, 24260.046686948437]","[219709.71915110503, 174865.87805448248, 35329.02066248781, 24260.046686948437]","[206227.78979055365, 164917.02416504108, 35329.02066248781, 24260.046686948437]","[167248.24820380917, 159173.41070456774, 35329.02066248781, 24260.046686948437]","[327991.50317301025, 181248.34526522498, 35329.02066248781, 24260.046686948437]","[237454.06577136306, 170982.08773204425, 35329.02066248781, 24260.046686948437]","[297626.26222630683, 167569.98040223034, 35329.02066248781, 24260.046686948437]","[205642.98970977328, 165974.08545898995, 35329.02066248781, 24260.046686948437]","[211665.26436882274, 182589.55966920854, 35329.02066248781, 24260.046686948437]","[201240.76907982756, 161469.04323584973, 35329.02066248781, 24260.046686948437]","[181634.88319006443, 169646.55990759283, 35329.02066248781, 24260.046686948437]","[348555.0489467038, 247396.82006383466, 35329.02066248781, 24260.046686948437]","[176215.13717041328, 161951.65094761376, 35329.02066248781, 24260.046686948437]","[282753.4501812113, 186679.31332302376, 35329.02066248781, 24260.046686948437]","[238946.1001434352, 173234.65963996298, 35329.02066248781, 24260.046686948437]","[238387.16321434043, 175316.17383738505, 35329.02066248781, 24260.046686948437]","[177819.34367799977, 164407.80986311083, 35329.02066248781, 24260.046686948437]","[184532.39506516536, 161223.53207976389, 35329.02066248781, 24260.046686948437]","[202392.39804633608, 169583.8280237334, 35329.02066248781, 24260.046686948437]","[218080.15508482727, 170943.6093776757, 35329.02066248781, 24260.046686948437]","[238190.60474841436, 184680.31116776614, 35329.02066248781, 24260.046686948437]","[181962.36682165804, 167504.31873902425, 35329.02066248781, 24260.046686948437]","[500863.1800996285, 193721.91487761508, 35329.02066248781, 24260.046686948437]","[168460.9043048829, 156736.40010977813, 35329.02066248781, 24260.046686948437]","[166047.53770786402, 158516.82505885736, 35329.02066248781, 24260.046686948437]","[260315.39259453662, 193821.43315532253, 35329.02066248781, 24260.046686948437]","[182323.03431161694, 163538.88459633224, 35329.02066248781, 24260.046686948437]","[204983.9248136181, 168456.03211475865, 35329.02066248781, 24260.046686948437]","[172628.90686515073, 162441.96613970702, 35329.02066248781, 24260.046686948437]","[194754.15215929312, 165313.57484402027, 35329.02066248781, 24260.046686948437]","[241006.05712616874, 176756.05199923142, 35329.02066248781, 24260.046686948437]","[192593.9164893386, 165605.58944407883, 35329.02066248781, 24260.046686948437]","[182814.82774191408, 161505.27750657118, 35329.02066248781, 24260.046686948437]","[215428.35447313802, 164672.22499616662, 35329.02066248781, 24260.046686948437]","[534317.9523102083, 198300.69267683866, 35329.02066248781, 24260.046686948437]","[167531.44766011788, 158510.13386240235, 35329.02066248781, 24260.046686948437]","[178678.482767929, 166782.88603683695, 35329.02066248781, 24260.046686948437]","[214691.81781110098, 176033.88696485592, 35329.02066248781, 24260.046686948437]","[164534.8533265011, 156632.11187641352, 35329.02066248781, 24260.046686948437]","[242467.82158358264, 204671.89564792108, 35329.02066248781, 24260.046686948437]","[186652.61356022288, 168840.9213197404, 35329.02066248781, 24260.046686948437]","[230547.25057493764, 174022.41517717324, 35329.02066248781, 24260.046686948437]"
"[168349.0363804475, 133652.66565304555, 36423.52271228896, 17854.974620916262]","[136106.5866999129, 128360.98087757787, 36423.52271228896, 17854.974620916262]","[212932.34579549808, 144793.72134648435, 36423.52271228896, 17854.974620916262]","[150778.88156260655, 134119.00318623497, 36423.52271228896, 17854.974620916262]","[156523.1729743573, 136500.42269008412, 36423.52271228896, 17854.974620916262]","[224197.83339651168, 140012.6101497271, 36423.52271228896, 17854.974620916262]","[160530.10463851516, 138996.69196087934, 36423.52271228896, 17854.974620916262]","[146087.64377861467, 129701.9652393407, 36423.52271228896, 17854.974620916262]","[177534.12369400862, 143185.62819288054, 36423.52271228896, 17854.974620916262]","[167137.3433633231, 126578.14373736997, 36423.52271228896, 17854.974620916262]","[173178.8401481247, 134309.46568065952, 36423.52271228896, 17854.974620916262]","[137402.67563892683, 127991.30983204948, 36423.52271228896, 17854.974620916262]","[264894.00456322904, 141034.43715722067, 36423.52271228896, 17854.974620916262]","[170934.7977896564, 138943.29387546834, 36423.52271228896, 17854.974620916262]","[159557.19969335897, 133060.8171887962, 36423.52271228896, 17854.974620916262]","[190437.2008693322, 131952.85588858533, 36423.52271228896, 17854.974620916262]","[128130.00208223528, 125573.75581870408, 36423.52271228896, 17854.974620916262]","[159589.06972161832, 136272.92915048715, 36423.52271228896, 17854.974620916262]","[157865.2946101949, 136630.9100988966, 36423.52271228896, 17854.974620916262]","[124461.97209901972, 123616.10295177218, 36423.52271228896, 17854.974620916262]","[135531.24649294768, 126999.84232252384, 36423.52271228896, 17854.974620916262]","[450730.3170442101, 187747.4950780603, 36423.52271228896, 17854.974620916262]","[169597.65696255845, 133686.8916782957, 36423.52271228896, 17854.974620916262]","[152671.0623640131, 131122.91121107867, 36423.52271228896, 17854.974620916262]","[142165.31594757555, 130139.00171021608, 36423.52271228896, 17854.974620916262]","[130735.69235709052, 128077.8430664991, 36423.52271228896, 17854.974620916262]","[142815.79357221827, 131295.56974805697, 36423.52271228896, 17854.974620916262]","[175949.7506829382, 138807.90141348663, 36423.52271228896, 17854.974620916262]","[132644.67626871925, 126913.36167618525, 36423.52271228896, 17854.974620916262]","[141968.92119017072, 134332.01210680587, 36423.52271228896, 17854.974620916262]","[240570.64377361836, 154358.23754689354, 36423.52271228896, 17854.974620916262]","[178256.61898737523, 144358.78623604868, 36423.52271228896, 17854.974620916262]","[147110.9265982479, 138152.6289763735, 36423.52271228896, 17854.974620916262]","[215131.9190746141, 137677.39666188916, 36423.52271228896, 17854.974620916262]","[209243.5599222791, 154974.4779604534, 36423.52271228896, 17854.974620916262]","[156511.7320176616, 131403.08585775818, 36423.52271228896, 17854.974620916262]","[146150.82130189298, 130915.34683049303, 36423.52271228896, 17854.974620916262]","[140439.9478236108, 128063.45846243855, 36423.52271228896, 17854.974620916262]","[138161.2297953407, 128688.84140582527, 36423.52271228896, 17854.974620916262]","[151129.53360333687, 136052.30634305486, 36423.52271228896, 17854.974620916262]","[168622.86720930136, 133903.7624540283, 36423.52271228896, 17854.974620916262]","[134748.5605559489, 128201.36089631445, 36423.52271228896, 17854.974620916262]","[161003.21261973758, 137841.68804501116, 36423.52271228896, 17854.974620916262]","[198732.55623665926, 131338.26186522347, 36423.52271228896, 17854.974620916262]","[221701.1911772292, 170285.710731083, 36423.52271228896, 17854.974620916262]","[306490.61763021955, 140137.8684933632, 36423.52271228896, 17854.974620916262]","[146355.5900407383, 132782.75411399608, 36423.52271228896, 17854.974620916262]","[141530.30169649876, 125822.96325000795, 36423.52271228896, 17854.974620916262]","[374590.5860809335, 167951.991540998, 36423.52271228896, 17854.974620916262]","[179606.57051098984, 133866.3645225808, 36423.52271228896, 17854.974620916262]"
"[210550.0174702332, 177196.65769378463, 48455.976971376906, 23876.731484480228]","[266441.4611186891, 182022.3864935483, 48455.976971376906, 23876.731484480228]","[232162.40298678842, 178501.8730295409, 48455.976971376906, 23876.731484480228]","[197911.78839874247, 173402.4217927663, 48455.976971376906, 23876.731484480228]","[170445.90914046887, 167213.35262641928, 48455.976971376906, 23876.731484480228]","[187407.38466132138, 174165.62291362174, 48455.976971376906, 23876.731484480228]","[261843.91882090343, 189184.81328620436, 48455.976971376906, 23876.731484480228]","[180081.31194793785, 171129.01892472495, 48455.976971376906, 23876.731484480228]","[227167.686597245, 176619.15597042485, 48455.976971376906, 23876.731484480228]","[300344.70331719174, 168779.3298768553, 48455.976971376906, 23876.731484480228]","[180447.92333005604, 168870.83554937772, 48455.976971376906, 23876.731484480228]","[243858.7609015295, 194199.25479539158, 48455.976971376906, 23876.731484480228]","[174991.08861476518, 169345.80959618482, 48455.976971376906, 23876.731484480228]","[202792.945851519, 173866.82511657648, 48455.976971376906, 23876.731484480228]","[179262.6652032447, 172811.8404747835, 48455.976971376906, 23876.731484480228]","[179480.46895579787, 174123.31547179547, 48455.976971376906, 23876.731484480228]","[196600.8019215303, 176544.16622457257, 48455.976971376906, 23876.731484480228]","[262261.9013265067, 189666.2962144829, 48455.976971376906, 23876.731484480228]","[200883.92557183976, 169506.3349263777, 48455.976971376906, 23876.731484480228]","[328345.0999107869, 180801.78015728813, 48455.976971376906, 23876.731484480228]","[254528.16194704766, 199878.61931268638, 48455.976971376906, 23876.731484480228]","[236377.4770602167, 183188.337676072, 48455.976971376906, 23876.731484480228]","[206450.22406380458, 176828.29794280804, 48455.976971376906, 23876.731484480228]","[285210.21497465787, 203707.05328610004, 48455.976971376906, 23876.731484480228]","[174917.1713369485, 169905.68106441168, 48455.976971376906, 23876.731484480228]","[223592.31714514998, 184282.77568391562, 48455.976971376906, 23876.731484480228]","[189773.42354909016, 175939.6433215662, 48455.976971376906, 23876.731484480228]","[386584.97346221295, 202156.0868450982, 48455.976971376906, 23876.731484480228]","[345204.03209310235, 193326.9717256362, 48455.976971376906, 23876.731484480228]","[197765.9396551057, 169530.68871731634, 48455.976971376906, 23876.731484480228]","[208972.80730293566, 177961.980378304, 48455.976971376906, 23876.731484480228]","[187425.4035548165, 171083.40451657493, 48455.976971376906, 23876.731484480228]","[171130.46376176088, 169041.95091011495, 48455.976971376906, 23876.731484480228]","[167652.0257569744, 164885.85573063768, 48455.976971376906, 23876.731484480228]","[201157.11752308125, 175587.9180771815, 48455.976971376906, 23876.731484480228]","[375231.1781739767, 237418.66764258622, 48455.976971376906, 23876.731484480228]","[194371.27963562042, 174570.78061302006, 48455.976971376906, 23876.731484480228]","[230479.64933511312, 191664.44112457914, 48455.976971376906, 23876.731484480228]","[177821.0383059465, 171131.7017801023, 48455.976971376906, 23876.731484480228]","[270267.29962703504, 193328.83098157617, 48455.976971376906, 23876.731484480228]","[180667.56910901816, 170578.36440078614, 48455.976971376906, 23876.731484480228]","[233923.74154831516, 185474.8367524553, 48455.976971376906, 23876.731484480228]","[188789.03914399285, 174867.98401374818, 48455.976971376906, 23876.731484480228]","[182476.67823798617, 171256.67175236568, 48455.976971376906, 23876.731484480228]","[183970.17449521855, 172463.31556140352, 48455.976971376906, 23876.731484480228]","[202787.7717853471, 180063.3081713668, 48455.976971376906, 23876.731484480228]","[253139.27892018738, 197740.7423419481, 48455.976971376906, 23876.731484480228]","[186862.69552596493, 171338.0373651971, 48455.976971376906, 23876.731484480228]","[193329.07760998918, 175505.4828148432, 48455.976971376906, 23876.731484480228]","[216740.57024849427, 187884.6469948845, 48455.976971376906, 23876.731484480228]"
"[157551.05084750958, 142236.02292598676, 46137.6582366841, 18155.952347601993]","[167297.9876501551, 139158.93436231368, 46137.6582366841, 18155.952347601993]","[179040.52255594046, 140803.38415812975, 46137.6582366841, 18155.952347601993]","[165003.4301351524, 147138.5798208237, 46137.6582366841, 18155.952347601993]","[221552.70986563945, 150536.5257566239, 46137.6582366841, 18155.952347601993]","[154492.44447889284, 142027.63225321108, 46137.6582366841, 18155.952347601993]","[180989.8003178764, 147463.25583653976, 46137.6582366841, 18155.952347601993]","[185674.5365005699, 143994.6880580241, 46137.6582366841, 18155.952347601993]","[155850.54353074616, 139100.11750384446, 46137.6582366841, 18155.952347601993]","[139565.68027673993, 137182.53428993118, 46137.6582366841, 18155.952347601993]","[237765.27339217084, 152205.98647174926, 46137.6582366841, 18155.952347601993]","[178216.76907339657, 142465.95359721503, 46137.6582366841, 18155.952347601993]","[164422.8214238896, 144467.5107141599, 46137.6582366841, 18155.952347601993]","[357233.0707239352, 154954.42726284638, 46137.6582366841, 18155.952347601993]","[147339.2857949901, 144102.16575105576, 46137.6582366841, 18155.952347601993]","[150604.88832389712, 140396.08865931293, 46137.6582366841, 18155.952347601993]","[220479.52283890685, 155408.24072448697, 46137.6582366841, 18155.952347601993]","[144156.39107307393, 138582.15348182165, 46137.6582366841, 18155.952347601993]","[163639.36096591942, 141383.28124213862, 46137.6582366841, 18155.952347601993]","[161470.0669688689, 143231.14884191824, 46137.6582366841, 18155.952347601993]","[145372.5184024266, 142402.82478479986, 46137.6582366841, 18155.952347601993]","[155882.58761297568, 142368.54673290707, 46137.6582366841, 18155.952347601993]","[149005.19634309606, 138363.15329381428, 46137.6582366841, 18155.952347601993]","[145437.5636388829, 139614.22926261456, 46137.6582366841, 18155.952347601993]","[197692.80628588708, 152461.87187288472, 46137.6582366841, 18155.952347601993]","[209391.43061300303, 144024.7604105507, 46137.6582366841, 18155.952347601993]","[218229.01589584377, 173587.90039438164, 46137.6582366841, 18155.952347601993]","[172907.87475574194, 147293.12675883746, 46137.6582366841, 18155.952347601993]","[145795.26293676335, 137835.998799161, 46137.6582366841, 18155.952347601993]","[141816.0210272393, 137434.01604341005, 46137.6582366841, 18155.952347601993]","[160348.84532533953, 142858.1462432329, 46137.6582366841, 18155.952347601993]","[150528.3259382765, 141267.60818912383, 46137.6582366841, 18155.952347601993]","[140772.49375968683, 135640.15039477672, 46137.6582366841, 18155.952347601993]","[157274.96424576532, 140711.54233548982, 46137.6582366841, 18155.952347601993]","[144167.15340885948, 139998.0910601802, 46137.6582366841, 18155.952347601993]","[147852.78314645114, 138693.95366808466, 46137.6582366841, 18155.952347601993]","[270253.14614214527, 152721.0031640355, 46137.6582366841, 18155.952347601993]","[209253.06438084424, 147424.64710770058, 46137.6582366841, 18155.952347601993]","[174050.42493191015, 146060.68834231648, 46137.6582366841, 18155.952347601993]","[175641.1116976604, 145152.48499567073, 46137.6582366841, 18155.952347601993]","[156192.96076865128, 139538.18834783143, 46137.6582366841, 18155.952347601993]","[170589.41284715658, 147008.6002166408, 46137.6582366841, 18155.952347601993]","[152643.10619621372, 141041.8600717849, 46137.6582366841, 18155.952347601993]","[153811.3739067989, 142266.66388771276, 46137.6582366841, 18155.952347601993]","[232515.48863514815, 141446.06897806973, 46137.6582366841, 18155.952347601993]","[168594.32122788546, 145578.57990864108, 46137.6582366841, 18155.952347601993]","[201797.51338693732, 149209.85170472594, 46137.6582366841, 18155.952347601993]","[155679.04707855207, 146090.26592413065, 46137.6582366841, 18155.952347601993]","[184685.25157717193, 151280.0280448217, 46137.6582366841, 18155.952347601993]","[167229.8830836393, 154675.70880325217, 46137.6582366841, 18155.952347601993]"
"[156697.4497016761, 137565.603484691, 39161.65490950105, 18741.360383762356]","[206561.68711841517, 160814.12337513134, 39161.65490950105, 18741.360383762356]","[317573.25768186525, 169757.69188466395, 39161.65490950105, 18741.360383762356]","[248901.29854904997, 153339.76087580714, 39161.65490950105, 18741.360383762356]","[150425.1188071344, 136972.58630399522, 39161.65490950105, 18741.360383762356]","[157947.6732977964, 141204.78433258506, 39161.65490950105, 18741.360383762356]","[163828.12962528202, 140228.63352673897, 39161.65490950105, 18741.360383762356]","[201995.4497582243, 152615.88479389832, 39161.65490950105, 18741.360383762356]","[131823.79562041638, 130843.70262548607, 39161.65490950105, 18741.360383762356]","[173027.47125736417, 150661.88856970172, 39161.65490950105, 18741.360383762356]","[216916.01411499866, 141197.5727857705, 39161.65490950105, 18741.360383762356]","[162788.86652148317, 138773.21506079618, 39161.65490950105, 18741.360383762356]","[169225.67280793292, 137887.1008826166, 39161.65490950105, 18741.360383762356]","[158653.22398568862, 140731.59601759788, 39161.65490950105, 18741.360383762356]","[248470.50359392958, 142574.25996668116, 39161.65490950105, 18741.360383762356]","[183429.40628098566, 150125.43602078903, 39161.65490950105, 18741.360383762356]","[207499.453331359, 146070.4986540259, 39161.65490950105, 18741.360383762356]","[139784.04468896874, 134624.6841398761, 39161.65490950105, 18741.360383762356]","[143396.46658368243, 136291.55386719332, 39161.65490950105, 18741.360383762356]","[158849.13779204292, 134769.41398659578, 39161.65490950105, 18741.360383762356]","[169395.20436857638, 147737.2667102538, 39161.65490950105, 18741.360383762356]","[150058.2587510997, 134981.80564003918, 39161.65490950105, 18741.360383762356]","[145834.56221689176, 135722.3282220007, 39161.65490950105, 18741.360383762356]","[294055.55815778446, 166604.45095206005, 39161.65490950105, 18741.360383762356]","[303475.6165436272, 168672.18941551688, 39161.65490950105, 18741.360383762356]","[151157.91065551495, 141160.4648868072, 39161.65490950105, 18741.360383762356]","[287570.4297041655, 171298.92674107043, 39161.65490950105, 18741.360383762356]","[143531.46351674467, 133889.2345309991, 39161.65490950105, 18741.360383762356]","[191935.33325165848, 144846.90495351743, 39161.65490950105, 18741.360383762356]","[205449.70647123043, 141271.11253232477, 39161.65490950105, 18741.360383762356]","[141784.86395125522, 136832.27196607576, 39161.65490950105, 18741.360383762356]","[142174.21018770777, 136202.62379023808, 39161.65490950105, 18741.360383762356]","[229514.4072072662, 157764.55224858483, 39161.65490950105, 18741.360383762356]","[217919.0204562786, 153517.41303111624, 39161.65490950105, 18741.360383762356]","[154081.52489096625, 140175.08114322615, 39161.65490950105, 18741.360383762356]","[298308.90843211795, 133879.96871781905, 39161.65490950105, 18741.360383762356]","[150370.33164204186, 136102.84093618565, 39161.65490950105, 18741.360383762356]","[178277.68821785587, 147659.83819691886, 39161.65490950105, 18741.360383762356]","[139355.44110446773, 134970.64934988334, 39161.65490950105, 18741.360383762356]","[154595.25634382555, 143133.5118296312, 39161.65490950105, 18741.360383762356]","[166615.9694969987, 135890.8617671991, 39161.65490950105, 18741.360383762356]","[231462.6132352516, 136662.44348726334, 39161.65490950105, 18741.360383762356]","[145715.53283944793, 137871.24497415038, 39161.65490950105, 18741.360383762356]","[149215.47897624804, 136089.23017125594, 39161.65490950105, 18741.360383762356]","[140659.47626411938, 134256.92844121362, 39161.65490950105, 18741.360383762356]","[157119.675437309, 143392.33862022907, 39161.65490950105, 18741.360383762356]","[155723.62352305025, 137361.22997634258, 39161.65490950105, 18741.360383762356]","[383871.89971600234, 226041.40129315094, 39161.65490950105, 18741.360383762356]","[159485.10600109547, 138603.51692257737, 39161.65490950105, 18741.360383762356]","[156375.06924344777, 140781.43686746818, 39161.65490950105, 18741.360383762356]"
"[139962.44708177875, 109876.59428315671, 11866.362896877123, 16431.527256099693]","[118556.93712600821, 98567.2712431722, 11866.362896877123, 16431.527256099693]","[136091.56235670228, 106623.50753708647, 11866.362896877123, 16431.527256099693]","[98601.72487337404, 95716.69173694697, 11866.362896877123, 16431.527256099693]","[147283.9375322966, 107511.74588568363, 11866.362896877123, 16431.527256099693]","[126881.70763135416, 107953.81971759586, 11866.362896877123, 16431.527256099693]","[125209.8469777845, 102517.06143458736, 11866.362896877123, 16431.527256099693]","[116482.08555004587, 102490.57123335906, 11866.362896877123, 16431.527256099693]","[116382.47141947757, 100934.6027770867, 11866.362896877123, 16431.527256099693]","[127141.34608009314, 99291.22040208748, 11866.362896877123, 16431.527256099693]","[135682.81231293935, 104715.97681192226, 11866.362896877123, 16431.527256099693]","[146045.42655561364, 102451.72181265734, 11866.362896877123, 16431.527256099693]","[128372.17525753914, 105139.75461226136, 11866.362896877123, 16431.527256099693]","[131983.9640654651, 102140.97903347107, 11866.362896877123, 16431.527256099693]","[112987.49617190841, 99510.70309352392, 11866.362896877123, 16431.527256099693]","[139170.9677981585, 102700.07127857981, 11866.362896877123, 16431.527256099693]","[98016.57983187602, 92788.18765086312, 11866.362896877123, 16431.527256099693]","[200075.90301229712, 116246.88618438011, 11866.362896877123, 16431.527256099693]","[110956.51356151467, 98311.28659586646, 11866.362896877123, 16431.527256099693]","[164872.16580126656, 100963.08320661333, 11866.362896877123, 16431.527256099693]","[146815.75005357037, 111543.40801447374, 11866.362896877123, 16431.527256099693]","[137980.61050788805, 116092.68954390187, 11866.362896877123, 16431.527256099693]","[113664.74053820786, 102610.52045806107, 11866.362896877123, 16431.527256099693]","[156230.4322552673, 129214.34177318757, 11866.362896877123, 16431.527256099693]","[159623.52656843283, 97039.26803180408, 11866.362896877123, 16431.527256099693]","[114876.83137392944, 100161.62728008429, 11866.362896877123, 16431.527256099693]","[149544.02415103684, 96861.4068039216, 11866.362896877123, 16431.527256099693]","[97573.36665720098, 94100.5725893084, 11866.362896877123, 16431.527256099693]","[112968.92861274608, 94828.08066355053, 11866.362896877123, 16431.527256099693]","[154969.83784562172, 110696.7007308155, 11866.362896877123, 16431.527256099693]","[122991.96901648566, 102955.36857545057, 11866.362896877123, 16431.527256099693]","[123598.13542816903, 102325.60875125055, 11866.362896877123, 16431.527256099693]","[100898.50228022947, 95345.31457210823, 11866.362896877123, 16431.527256099693]","[135899.42485005126, 112899.463611178, 11866.362896877123, 16431.527256099693]","[102650.34383566481, 96662.14023122494, 11866.362896877123, 16431.527256099693]","[102703.95743907879, 93374.77226859222, 11866.362896877123, 16431.527256099693]","[129968.23120633404, 109987.58721578063, 11866.362896877123, 16431.527256099693]","[110396.8637475967, 99370.44708282527, 11866.362896877123, 16431.527256099693]","[147585.8008916974, 103441.57840684534, 11866.362896877123, 16431.527256099693]","[164920.823444741, 106390.48405390367, 11866.362896877123, 16431.527256099693]","[132644.77038257374, 107919.3221689238, 11866.362896877123, 16431.527256099693]","[131485.89049016673, 102623.96276325172, 11866.362896877123, 16431.527256099693]","[114069.04253214397, 102187.66325060818, 11866.362896877123, 16431.527256099693]","[178793.28419374092, 118086.23253614808, 11866.362896877123, 16431.527256099693]","[227400.90157083733, 148779.0085277445, 11866.362896877123, 16431.527256099693]","[180516.3707308719, 107129.27873688497, 11866.362896877123, 16431.527256099693]","[96233.06094800368, 93863.67752160682, 11866.362896877123, 16431.527256099693]","[141735.56962380937, 107933.8156603406, 11866.362896877123, 16431.527256099693]","[132424.28085616755, 95402.42703283821, 11866.362896877123, 16431.527256099693]","[112233.63183277524, 94807.09678599195, 11866.362896877123, 16431.527256099693]"
"[154761.48462604888, 149514.2024317197, 49690.95267579332, 19717.53941630995]","[189680.09543179107, 160316.10597737186, 49690.95267579332, 19717.53941630995]","[179839.25504748768, 159470.72924487607, 49690.95267579332, 19717.53941630995]","[205391.287108074, 166305.1618715908, 49690.95267579332, 19717.53941630995]","[171775.51011969484, 152689.2357034155, 49690.95267579332, 19717.53941630995]","[172155.8015797336, 159812.70466588796, 49690.95267579332, 19717.53941630995]","[214788.34771558936, 176146.6976562705, 49690.95267579332, 19717.53941630995]","[206779.2723593088, 155780.1318993008, 49690.95267579332, 19717.53941630995]","[175588.75632984002, 158934.1967525984, 49690.95267579332, 19717.53941630995]","[178603.60697829234, 158233.96108349544, 49690.95267579332, 19717.53941630995]","[155937.04794448608, 150412.9643659761, 49690.95267579332, 19717.53941630995]","[179202.30559634013, 151733.47918295028, 49690.95267579332, 19717.53941630995]","[152136.14723186044, 149031.92313955596, 49690.95267579332, 19717.53941630995]","[197242.44995175407, 163171.79077072136, 49690.95267579332, 19717.53941630995]","[222495.2399498229, 167892.29568017597, 49690.95267579332, 19717.53941630995]","[181588.63037025856, 158231.70174547064, 49690.95267579332, 19717.53941630995]","[186604.33726532757, 163217.9264318464, 49690.95267579332, 19717.53941630995]","[187247.18319192392, 164213.19646032804, 49690.95267579332, 19717.53941630995]","[169587.84382017178, 154547.6547808179, 49690.95267579332, 19717.53941630995]","[189393.82686195328, 164150.0523269983, 49690.95267579332, 19717.53941630995]","[157775.46124638998, 154009.056576538, 49690.95267579332, 19717.53941630995]","[198140.43432400675, 165495.10412826654, 49690.95267579332, 19717.53941630995]","[171502.60201929157, 154468.1346156766, 49690.95267579332, 19717.53941630995]","[180276.05470850188, 156774.66280032817, 49690.95267579332, 19717.53941630995]","[163791.56892992533, 154180.4968371365, 49690.95267579332, 19717.53941630995]","[221267.673301554, 162902.26394605474, 49690.95267579332, 19717.53941630995]","[156017.80599803146, 151946.1092300233, 49690.95267579332, 19717.53941630995]","[145261.42235562598, 143831.81603089155, 49690.95267579332, 19717.53941630995]","[184545.7216376343, 159160.178604455, 49690.95267579332, 19717.53941630995]","[180189.02825864044, 154365.0827958199, 49690.95267579332, 19717.53941630995]","[183712.34933554294, 163076.50784868663, 49690.95267579332, 19717.53941630995]","[174106.36272557522, 152019.0225808411, 49690.95267579332, 19717.53941630995]","[155290.67093965187, 151211.56672603486, 49690.95267579332, 19717.53941630995]","[479623.55409723805, 198999.85633836992, 49690.95267579332, 19717.53941630995]","[172997.18862805358, 156201.08566727393, 49690.95267579332, 19717.53941630995]","[169330.03752370187, 155527.13608268774, 49690.95267579332, 19717.53941630995]","[234376.01657480877, 163384.9167846529, 49690.95267579332, 19717.53941630995]","[177276.23819662046, 158866.32344739744, 49690.95267579332, 19717.53941630995]","[285713.26626213716, 163986.75738395163, 49690.95267579332, 19717.53941630995]","[194264.99362498082, 152797.7542138659, 49690.95267579332, 19717.53941630995]","[170151.55832169962, 157577.7191658781, 49690.95267579332, 19717.53941630995]","[177370.7897136963, 156197.61201019378, 49690.95267579332, 19717.53941630995]","[212700.55475110668, 165845.70757404325, 49690.95267579332, 19717.53941630995]","[156949.34533201283, 152342.4361678447, 49690.95267579332, 19717.53941630995]","[217510.514715197, 160875.25105955152, 49690.95267579332, 19717.53941630995]","[183092.21388217443, 159282.59679994168, 49690.95267579332, 19717.53941630995]","[236030.13356627195, 164250.79247220093, 49690.95267579332, 19717.53941630995]","[218116.34332620472, 162873.69202311966, 49690.95267579332, 19717.53941630995]","[164635.45629535537, 156522.44881890164, 49690.95267579332, 19717.53941630995]","[178056.5432954937, 153790.62831071884, 49690.95267579332, 19717.53941630995]"
"[251359.68073288785, 171509.88815117534, 40550.872394609454, 20438.068707490253]","[157177.8641253608, 144996.34018804113, 40550.872394609454, 20438.068707490253]","[154059.86576920413, 144207.04103481118, 40550.872394609454, 20438.068707490253]","[156819.2065282945, 147730.42584721622, 40550.872394609454, 20438.068707490253]","[174990.72020268824, 155975.52902858867, 40550.872394609454, 20438.068707490253]","[238998.04944779768, 168444.5506455651, 40550.872394609454, 20438.068707490253]","[172381.6536580986, 153194.5731653356, 40550.872394609454, 20438.068707490253]","[181470.3065365152, 156440.34173951994, 40550.872394609454, 20438.068707490253]","[163744.29012096248, 148993.1542107654, 40550.872394609454, 20438.068707490253]","[166337.48293600662, 146563.74706774924, 40550.872394609454, 20438.068707490253]","[221711.1341542369, 164900.6072493164, 40550.872394609454, 20438.068707490253]","[166151.1440901666, 150702.15214757135, 40550.872394609454, 20438.068707490253]","[160832.04470669085, 149694.28780683698, 40550.872394609454, 20438.068707490253]","[216519.19701745946, 152689.58949936298, 40550.872394609454, 20438.068707490253]","[148926.56224731775, 143275.08367715613, 40550.872394609454, 20438.068707490253]","[229074.32664092648, 151745.0385835682, 40550.872394609454, 20438.068707490253]","[155315.74122826118, 145362.32632599102, 40550.872394609454, 20438.068707490253]","[358505.8621236268, 183555.95066478645, 40550.872394609454, 20438.068707490253]","[220128.69263669092, 165204.3086441432, 40550.872394609454, 20438.068707490253]","[158178.6933735804, 147051.59845964733, 40550.872394609454, 20438.068707490253]","[185753.3532586814, 149229.14934434372, 40550.872394609454, 20438.068707490253]","[208220.01512054465, 162346.7246732011, 40550.872394609454, 20438.068707490253]","[235951.36301851083, 163532.829649356, 40550.872394609454, 20438.068707490253]","[156163.60285662542, 145108.2152459536, 40550.872394609454, 20438.068707490253]","[165972.2617637375, 147283.08819971533, 40550.872394609454, 20438.068707490253]","[236739.9684078204, 155959.24589506685, 40550.872394609454, 20438.068707490253]","[197911.41838364137, 156906.59036080385, 40550.872394609454, 20438.068707490253]","[152253.1191007662, 143513.28420871656, 40550.872394609454, 20438.068707490253]","[216573.9954047383, 147431.38834376782, 40550.872394609454, 20438.068707490253]","[200730.79404560884, 163268.8147256184, 40550.872394609454, 20438.068707490253]","[149021.82589285867, 143966.87375838964, 40550.872394609454, 20438.068707490253]","[361395.72983463167, 207883.1644309914, 40550.872394609454, 20438.068707490253]","[251328.25774975636, 182849.7506942466, 40550.872394609454, 20438.068707490253]","[165915.2497698402, 147110.1505162926, 40550.872394609454, 20438.068707490253]","[170672.1055980524, 160066.89862139587, 40550.872394609454, 20438.068707490253]","[203412.27616004663, 157063.51686276263, 40550.872394609454, 20438.068707490253]","[155945.49534041187, 145916.35120653547, 40550.872394609454, 20438.068707490253]","[197494.8006824296, 163033.42077375055, 40550.872394609454, 20438.068707490253]","[205170.38492335184, 157105.16345193048, 40550.872394609454, 20438.068707490253]","[212520.83457249223, 158784.113884238, 40550.872394609454, 20438.068707490253]","[878477.5538094437, 306281.332292206, 40550.872394609454, 20438.068707490253]","[199453.56739672183, 157681.5048306694, 40550.872394609454, 20438.068707490253]","[235482.63810784303, 169156.74231450225, 40550.872394609454, 20438.068707490253]","[182675.51610015324, 155517.01037391188, 40550.872394609454, 20438.068707490253]","[191876.5949448221, 158397.2787387758, 40550.872394609454, 20438.068707490253]","[172688.83278408047, 148472.1675012766, 40550.872394609454, 20438.068707490253]","[216962.28723862505, 152571.7819892114, 40550.872394609454, 20438.068707490253]","[214937.90587836885, 162054.5690002985, 40550.872394609454, 20438.068707490253]","[173932.38553478138, 148145.93845884895, 40550.872394609454, 20438.068707490253]","[156801.1691218499, 144135.64296025477, 40550.872394609454, 20438.068707490253]"
"[180153.10057736078, 128835.25625081433, 23296.316172560822, 19448.961851893648]","[219225.88931190214, 147300.53342709813, 23296.316172560822, 19448.961851893648]","[157207.71016316477, 124438.29303244188, 23296.316172560822, 19448.961851893648]","[154794.5740310653, 132328.10807797036, 23296.316172560822, 19448.961851893648]","[144863.16782709342, 129265.52421403836, 23296.316172560822, 19448.961851893648]","[160920.58779693898, 123882.59957587138, 23296.316172560822, 19448.961851893648]","[152525.01457566387, 130126.08444677507, 23296.316172560822, 19448.961851893648]","[206041.75764675613, 133698.1799379137, 23296.316172560822, 19448.961851893648]","[296076.8197469967, 168825.78639961564, 23296.316172560822, 19448.961851893648]","[220517.40243644884, 140196.70863035333, 23296.316172560822, 19448.961851893648]","[131379.43478662116, 125965.81737309648, 23296.316172560822, 19448.961851893648]","[130615.97950834993, 123299.83645180095, 23296.316172560822, 19448.961851893648]","[186000.3400521864, 147870.95071598073, 23296.316172560822, 19448.961851893648]","[146969.98775625095, 122167.44154336766, 23296.316172560822, 19448.961851893648]","[156720.0835599713, 136407.85252576182, 23296.316172560822, 19448.961851893648]","[130824.59542858541, 123551.05202879276, 23296.316172560822, 19448.961851893648]","[158966.31834521913, 122526.3245675015, 23296.316172560822, 19448.961851893648]","[166619.0757350132, 124675.09957299975, 23296.316172560822, 19448.961851893648]","[144102.3885288551, 123538.34925907852, 23296.316172560822, 19448.961851893648]","[159778.47657699784, 124819.37273698402, 23296.316172560822, 19448.961851893648]","[154497.43930872783, 130389.20070988401, 23296.316172560822, 19448.961851893648]","[204963.95219262785, 141019.93867341988, 23296.316172560822, 19448.961851893648]","[243367.18163779, 164339.98424127224, 23296.316172560822, 19448.961851893648]","[147764.36445192233, 125844.00315964055, 23296.316172560822, 19448.961851893648]","[159346.70912094403, 127505.78972794011, 23296.316172560822, 19448.961851893648]","[216581.22738151797, 162382.77589074083, 23296.316172560822, 19448.961851893648]","[165985.38417720006, 127443.90297377511, 23296.316172560822, 19448.961851893648]","[134016.93994584744, 123674.23729639608, 23296.316172560822, 19448.961851893648]","[148074.11573877552, 130662.90190762056, 23296.316172560822, 19448.961851893648]","[160654.64729837416, 134549.88152346486, 23296.316172560822, 19448.961851893648]","[137778.47430349112, 127511.42421733322, 23296.316172560822, 19448.961851893648]","[134516.48824514993, 126451.8931727896, 23296.316172560822, 19448.961851893648]","[137759.44993537263, 122981.93760617239, 23296.316172560822, 19448.961851893648]","[139616.75973052875, 124354.01101666469, 23296.316172560822, 19448.961851893648]","[150008.4813475342, 128719.99764869164, 23296.316172560822, 19448.961851893648]","[126094.19910122202, 122089.11332389395, 23296.316172560822, 19448.961851893648]","[214246.94840722263, 141221.44781188483, 23296.316172560822, 19448.961851893648]","[183572.809825111, 130949.75670409843, 23296.316172560822, 19448.961851893648]","[152659.2402062943, 126021.19723684003, 23296.316172560822, 19448.961851893648]","[148702.36139364957, 124835.58329539896, 23296.316172560822, 19448.961851893648]","[263124.3322431591, 150290.21966969414, 23296.316172560822, 19448.961851893648]","[143950.77067917222, 129249.38920558165, 23296.316172560822, 19448.961851893648]","[169652.72582049048, 130333.15814882243, 23296.316172560822, 19448.961851893648]","[270316.61052265484, 138345.55078958126, 23296.316172560822, 19448.961851893648]","[186033.30657525384, 133726.88246815628, 23296.316172560822, 19448.961851893648]","[149373.44884056516, 128865.71334424445, 23296.316172560822, 19448.961851893648]","[181167.9487001048, 132851.9057722521, 23296.316172560822, 19448.961851893648]","[149439.336284539, 126554.80463612636, 23296.316172560822, 19448.961851893648]","[130914.91384749801, 122453.29311425697, 23296.316172560822, 19448.961851893648]","[158186.6115135677, 126917.33292648119, 23296.316172560822, 19448.961851893648]"
"[136398.62246157546, 127783.1682081903, 30125.80712739218, 18937.41564373354]","[132539.08819779122, 127981.1274351094, 30125.80712739218, 18937.41564373354]","[146302.03487245584, 131623.01095126077, 30125.80712739218, 18937.41564373354]","[165252.18606657724, 128943.75780601687, 30125.80712739218, 18937.41564373354]","[160640.3083834475, 130074.09331785038, 30125.80712739218, 18937.41564373354]","[238053.95560133064, 158379.71821370418, 30125.80712739218, 18937.41564373354]","[134995.78014984136, 127551.18764230731, 30125.80712739218, 18937.41564373354]","[136359.64742820532, 132259.78711898968, 30125.80712739218, 18937.41564373354]","[138469.30829345871, 128436.93080458822, 30125.80712739218, 18937.41564373354]","[156178.4861079312, 128469.71732593035, 30125.80712739218, 18937.41564373354]","[130876.37695945585, 123822.26589595604, 30125.80712739218, 18937.41564373354]","[196328.44021850088, 131107.6900018823, 30125.80712739218, 18937.41564373354]","[174376.0739143134, 135723.6092085364, 30125.80712739218, 18937.41564373354]","[211116.9857772088, 133022.07010298726, 30125.80712739218, 18937.41564373354]","[155606.14397847257, 132724.652811359, 30125.80712739218, 18937.41564373354]","[148123.86377949474, 129454.08023577362, 30125.80712739218, 18937.41564373354]","[139322.22068549492, 127195.1357871953, 30125.80712739218, 18937.41564373354]","[228900.63620174586, 144459.00942667236, 30125.80712739218, 18937.41564373354]","[151422.81042008378, 132230.97970430093, 30125.80712739218, 18937.41564373354]","[353464.1497884684, 136411.9724331327, 30125.80712739218, 18937.41564373354]","[199644.15009450645, 137060.8239377376, 30125.80712739218, 18937.41564373354]","[153848.8197181392, 124839.59580562968, 30125.80712739218, 18937.41564373354]","[206040.4188583483, 134063.70301702898, 30125.80712739218, 18937.41564373354]","[140824.52286406155, 127566.1827384974, 30125.80712739218, 18937.41564373354]","[139162.91366843376, 132470.7776844971, 30125.80712739218, 18937.41564373354]","[231433.85288486237, 191460.16477687008, 30125.80712739218, 18937.41564373354]","[140396.0814829633, 128986.29873843452, 30125.80712739218, 18937.41564373354]","[201548.1971836191, 138078.98791575056, 30125.80712739218, 18937.41564373354]","[224680.30870184788, 150232.73770871718, 30125.80712739218, 18937.41564373354]","[141218.53294258754, 129743.82355157072, 30125.80712739218, 18937.41564373354]","[137578.40419272674, 133393.52467046207, 30125.80712739218, 18937.41564373354]","[147628.07804255126, 125824.46476128172, 30125.80712739218, 18937.41564373354]","[140184.48540578, 128353.53075398342, 30125.80712739218, 18937.41564373354]","[136992.00591682806, 131603.7881124668, 30125.80712739218, 18937.41564373354]","[138730.82495434204, 127389.19791890199, 30125.80712739218, 18937.41564373354]","[153009.36140668008, 131561.6850759944, 30125.80712739218, 18937.41564373354]","[180574.76201939586, 135860.6255776264, 30125.80712739218, 18937.41564373354]","[200572.27401270138, 142449.44214052972, 30125.80712739218, 18937.41564373354]","[165373.17186057498, 138532.76762536695, 30125.80712739218, 18937.41564373354]","[148451.01427122866, 130648.4853053909, 30125.80712739218, 18937.41564373354]","[136623.91887526808, 127858.12718193806, 30125.80712739218, 18937.41564373354]","[178438.6002370338, 138287.19157540012, 30125.80712739218, 18937.41564373354]","[127798.04220073459, 124554.69089716926, 30125.80712739218, 18937.41564373354]","[136223.27341574008, 129434.30104395488, 30125.80712739218, 18937.41564373354]","[171172.1684961655, 136069.2601505966, 30125.80712739218, 18937.41564373354]","[145132.1750942669, 134833.52469395997, 30125.80712739218, 18937.41564373354]","[169826.57774300413, 134972.5987988786, 30125.80712739218, 18937.41564373354]","[158515.33986099655, 129359.63056221828, 30125.80712739218, 18937.41564373354]","[222218.34986710537, 149985.37597795992, 30125.80712739218, 18937.41564373354]","[196553.67064679431, 137523.37812515782, 30125.80712739218, 18937.41564373354]"
"[255780.83487586744, 202957.61590010006, 57730.75803060805, 23328.742492144258]","[245914.70952137563, 192481.5080281561, 57730.75803060805, 23328.742492144258]","[219967.455409319, 197333.68354971954, 57730.75803060805, 23328.742492144258]","[198442.0788313327, 180792.51913978416, 57730.75803060805, 23328.742492144258]","[296378.0405082072, 211032.24498536158, 57730.75803060805, 23328.742492144258]","[210463.6769798287, 177896.16041485453, 57730.75803060805, 23328.742492144258]","[187248.40984461654, 177066.86271087552, 57730.75803060805, 23328.742492144258]","[195735.47275748945, 179672.03644256224, 57730.75803060805, 23328.742492144258]","[222748.16109660472, 189043.19875191138, 57730.75803060805, 23328.742492144258]","[297113.23500871676, 220677.8414536901, 57730.75803060805, 23328.742492144258]","[190388.46957818297, 178882.3604667143, 57730.75803060805, 23328.742492144258]","[246785.94324071144, 191094.34971088616, 57730.75803060805, 23328.742492144258]","[247995.04361223697, 182217.07339108663, 57730.75803060805, 23328.742492144258]","[223724.33529843006, 192307.82189137174, 57730.75803060805, 23328.742492144258]","[219341.05898623934, 184897.72197663737, 57730.75803060805, 23328.742492144258]","[222844.09136262105, 186553.40113991738, 57730.75803060805, 23328.742492144258]","[203836.54947725942, 180803.84398528197, 57730.75803060805, 23328.742492144258]","[258048.10812058343, 184753.24961703102, 57730.75803060805, 23328.742492144258]","[203181.20333427083, 183421.2637394708, 57730.75803060805, 23328.742492144258]","[181324.4814232368, 175825.37943399008, 57730.75803060805, 23328.742492144258]","[219069.28013605296, 186121.0975100157, 57730.75803060805, 23328.742492144258]","[1276764.735618595, 309500.6354695195, 57730.75803060805, 23328.742492144258]","[213829.08860583446, 185877.8474522304, 57730.75803060805, 23328.742492144258]","[195437.0900658612, 181146.12152040924, 57730.75803060805, 23328.742492144258]","[232412.00572893515, 193074.51564214707, 57730.75803060805, 23328.742492144258]","[360964.35903275514, 225394.31120045556, 57730.75803060805, 23328.742492144258]","[221689.9420408543, 192596.0403603914, 57730.75803060805, 23328.742492144258]","[332149.9216388128, 248035.97256949072, 57730.75803060805, 23328.742492144258]","[213171.92860049626, 185426.68265798452, 57730.75803060805, 23328.742492144258]","[207027.03937263702, 182624.1180407313, 57730.75803060805, 23328.742492144258]","[234108.67960274743, 194788.05376341127, 57730.75803060805, 23328.742492144258]","[302174.3354460148, 203524.18279211686, 57730.75803060805, 23328.742492144258]","[400260.3162564349, 239608.01995520314, 57730.75803060805, 23328.742492144258]","[317360.6979034687, 229192.4634089527, 57730.75803060805, 23328.742492144258]","[223143.8906193091, 189184.4029193255, 57730.75803060805, 23328.742492144258]","[178073.7689437592, 173340.23732998426, 57730.75803060805, 23328.742492144258]","[231377.47014827587, 207413.71468400862, 57730.75803060805, 23328.742492144258]","[222657.01988099556, 185207.93876565082, 57730.75803060805, 23328.742492144258]","[268071.9379167386, 196624.46559174007, 57730.75803060805, 23328.742492144258]","[210260.54620740382, 183786.93880093005, 57730.75803060805, 23328.742492144258]","[210866.93619895916, 173672.82857289154, 57730.75803060805, 23328.742492144258]","[201266.13690323784, 180255.807725841, 57730.75803060805, 23328.742492144258]","[269605.88603273756, 203635.82343438303, 57730.75803060805, 23328.742492144258]","[186931.9189502836, 175578.8366784925, 57730.75803060805, 23328.742492144258]","[195123.85166262402, 177731.34949939494, 57730.75803060805, 23328.742492144258]","[209150.9061511499, 188449.47552650538, 57730.75803060805, 23328.742492144258]","[177478.98483945915, 175152.37522638647, 57730.75803060805, 23328.742492144258]","[190544.73078097097, 177443.98061963127, 57730.75803060805, 23328.742492144258]","[222949.76473961398, 186251.30603181245, 57730.75803060805, 23328.742492144258]","[207121.7039565474, 190631.96840326584, 57730.75803060805, 23328.742492144258]"
"[155602.03131531717, 149425.79968749164, 54515.085283284076, 18547.16463651622]","[217241.6605299199, 157865.88176930562, 54515.085283284076, 18547.16463651622]","[167683.18296113738, 152639.1802645354, 54515.085283284076, 18547.16463651622]","[296392.2931665816, 176438.9866198262, 54515.085283284076, 18547.16463651622]","[166140.2803654022, 153006.13384439697, 54515.085283284076, 18547.16463651622]","[214279.46543379323, 163280.38595867413, 54515.085283284076, 18547.16463651622]","[176909.081112428, 154263.02023197993, 54515.085283284076, 18547.16463651622]","[154750.165177524, 149085.4732465289, 54515.085283284076, 18547.16463651622]","[171521.85796610542, 155281.33230832283, 54515.085283284076, 18547.16463651622]","[194866.6101610699, 157951.80892495756, 54515.085283284076, 18547.16463651622]","[192436.3236426868, 164802.55720925043, 54515.085283284076, 18547.16463651622]","[168383.32501583133, 154910.30403441025, 54515.085283284076, 18547.16463651622]","[279083.6592326098, 176170.62693163723, 54515.085283284076, 18547.16463651622]","[173068.61371595354, 150923.29612558786, 54515.085283284076, 18547.16463651622]","[170501.16108577608, 154206.70279540386, 54515.085283284076, 18547.16463651622]","[211466.5786545933, 166422.3429625621, 54515.085283284076, 18547.16463651622]","[170331.31252515365, 158650.90405995303, 54515.085283284076, 18547.16463651622]","[168780.0450028206, 148349.65499206173, 54515.085283284076, 18547.16463651622]","[194283.73262313812, 163378.98782410639, 54515.085283284076, 18547.16463651622]","[165954.33883619943, 154633.60253599877, 54515.085283284076, 18547.16463651622]","[160221.75266209117, 152709.81321618837, 54515.085283284076, 18547.16463651622]","[194746.47545297135, 153515.7424215214, 54515.085283284076, 18547.16463651622]","[167430.48590918427, 152518.11459014297, 54515.085283284076, 18547.16463651622]","[160593.79054235492, 150504.23405494122, 54515.085283284076, 18547.16463651622]","[160184.08173649947, 150992.0641703623, 54515.085283284076, 18547.16463651622]","[166207.40666005103, 155273.88886019823, 54515.085283284076, 18547.16463651622]","[154511.86866157674, 146941.3655115724, 54515.085283284076, 18547.16463651622]","[163141.8489172949, 155998.7312779435, 54515.085283284076, 18547.16463651622]","[164737.60387012595, 153658.94313739563, 54515.085283284076, 18547.16463651622]","[236341.27014591417, 188752.05651713262, 54515.085283284076, 18547.16463651622]","[170685.735227235, 153645.19463850596, 54515.085283284076, 18547.16463651622]","[185701.48043321748, 161552.098703962, 54515.085283284076, 18547.16463651622]","[161503.28233667713, 156795.85325438916, 54515.085283284076, 18547.16463651622]","[168613.57426795925, 153799.92646101565, 54515.085283284076, 18547.16463651622]","[183882.22899517888, 156690.39745120957, 54515.085283284076, 18547.16463651622]","[160223.3622076589, 149771.87496375304, 54515.085283284076, 18547.16463651622]","[192768.54912115764, 158437.02667637065, 54515.085283284076, 18547.16463651622]","[175029.9952590164, 148577.1326139132, 54515.085283284076, 18547.16463651622]","[186355.62494305562, 164169.7073076953, 54515.085283284076, 18547.16463651622]","[179326.26954050869, 160589.07211267127, 54515.085283284076, 18547.16463651622]","[210796.1648588853, 155531.71856354462, 54515.085283284076, 18547.16463651622]","[168112.29209249286, 149078.53417856744, 54515.085283284076, 18547.16463651622]","[183402.6367002098, 160229.5688970451, 54515.085283284076, 18547.16463651622]","[182548.63742848748, 162374.41580876842, 54515.085283284076, 18547.16463651622]","[156251.15597921622, 150659.40483681145, 54515.085283284076, 18547.16463651622]","[224308.8289754086, 162724.95295241047, 54515.085283284076, 18547.16463651622]","[177153.03454496336, 155028.4763166694, 54515.085283284076, 18547.16463651622]","[166478.01957327573, 157328.26052293327, 54515.085283284076, 18547.16463651622]","[225763.1311466581, 191317.82667469568, 54515.085283284076, 18547.16463651622]","[188619.50568964367, 154168.22901722914, 54515.085283284076, 18547.16463651622]"
"[278703.0866900986, 135497.28861633094, 45323.20875407474, 17034.174213876366]","[223607.2810337396, 134515.11099758267, 45323.20875407474, 17034.174213876366]","[198922.4961045713, 152972.02026966322, 45323.20875407474, 17034.174213876366]","[308094.83855334896, 138656.5752011178, 45323.20875407474, 17034.174213876366]","[148607.93119508526, 135524.19281119358, 45323.20875407474, 17034.174213876366]","[184756.86091579826, 135108.6150507612, 45323.20875407474, 17034.174213876366]","[320409.667209914, 151563.94630474783, 45323.20875407474, 17034.174213876366]","[158775.16349550732, 139768.6792859616, 45323.20875407474, 17034.174213876366]","[185341.72469516518, 145638.10408752123, 45323.20875407474, 17034.174213876366]","[134373.78961082248, 131002.06703638901, 45323.20875407474, 17034.174213876366]","[159397.84623063394, 141844.85252092473, 45323.20875407474, 17034.174213876366]","[164657.58973111815, 143180.5645163601, 45323.20875407474, 17034.174213876366]","[242969.09949758305, 146645.86952601915, 45323.20875407474, 17034.174213876366]","[132152.9449582683, 129369.27683367474, 45323.20875407474, 17034.174213876366]","[176286.90842977687, 142169.08772345705, 45323.20875407474, 17034.174213876366]","[142018.18343882883, 135090.95908544966, 45323.20875407474, 17034.174213876366]","[169890.6345251289, 137089.78083802047, 45323.20875407474, 17034.174213876366]","[168194.47132972715, 137047.38084400454, 45323.20875407474, 17034.174213876366]","[143795.25667901346, 132814.2233655322, 45323.20875407474, 17034.174213876366]","[139283.71873077512, 132684.28720039275, 45323.20875407474, 17034.174213876366]","[157670.4084184964, 135251.35030795608, 45323.20875407474, 17034.174213876366]","[135522.29961632748, 131331.25538464583, 45323.20875407474, 17034.174213876366]","[192656.31356348138, 146613.9230422988, 45323.20875407474, 17034.174213876366]","[148247.18716855496, 133206.10620351695, 45323.20875407474, 17034.174213876366]","[153915.41746501127, 134260.83409101432, 45323.20875407474, 17034.174213876366]","[148579.0853250586, 137541.47164762294, 45323.20875407474, 17034.174213876366]","[377137.9330142419, 196635.36233363938, 45323.20875407474, 17034.174213876366]","[139361.26477372274, 131223.38872315202, 45323.20875407474, 17034.174213876366]","[313054.06956109573, 250972.25449024202, 45323.20875407474, 17034.174213876366]","[148117.35527411138, 132788.97959402413, 45323.20875407474, 17034.174213876366]","[286550.6078891903, 147090.60621492425, 45323.20875407474, 17034.174213876366]","[279011.2371572185, 170959.7358451054, 45323.20875407474, 17034.174213876366]","[133830.47587858868, 129670.70762687529, 45323.20875407474, 17034.174213876366]","[140533.05231554565, 131862.25367057993, 45323.20875407474, 17034.174213876366]","[393657.4174213008, 183348.62291408583, 45323.20875407474, 17034.174213876366]","[133049.01242689436, 129131.2984817263, 45323.20875407474, 17034.174213876366]","[139540.89885923552, 134716.00377739262, 45323.20875407474, 17034.174213876366]","[162833.91621966456, 134119.3709589523, 45323.20875407474, 17034.174213876366]","[310818.10299034347, 167567.50199100137, 45323.20875407474, 17034.174213876366]","[142704.08389358644, 133119.78912340518, 45323.20875407474, 17034.174213876366]","[209531.99631671628, 142798.76186247787, 45323.20875407474, 17034.174213876366]","[147414.2308546842, 137451.0980998627, 45323.20875407474, 17034.174213876366]","[144583.142134742, 130736.26826860668, 45323.20875407474, 17034.174213876366]","[164093.20462542688, 134392.25946161262, 45323.20875407474, 17034.174213876366]","[154888.01594219735, 133942.34366994482, 45323.20875407474, 17034.174213876366]","[214814.74545248834, 144621.04422531178, 45323.20875407474, 17034.174213876366]","[209901.99652827292, 152758.40161457367, 45323.20875407474, 17034.174213876366]","[151612.12982741604, 135048.52245873885, 45323.20875407474, 17034.174213876366]","[135850.68007528724, 132789.77340881832, 45323.20875407474, 17034.174213876366]","[156172.72515896335, 134888.84461069838, 45323.20875407474, 17034.174213876366]"
"[140372.958976115, 132470.76705715802, 24283.331699060345, 19214.79095494653]","[134413.29845202537, 126285.42799825493, 24283.331699060345, 19214.79095494653]","[217617.1369926118, 129535.5306102076, 24283.331699060345, 19214.79095494653]","[307199.82020734454, 134100.2511990038, 24283.331699060345, 19214.79095494653]","[145110.118054864, 120833.63535635507, 24283.331699060345, 19214.79095494653]","[149051.71997313006, 130299.77577774957, 24283.331699060345, 19214.79095494653]","[208023.93094121656, 147241.98437590542, 24283.331699060345, 19214.79095494653]","[238464.47657859887, 153184.7367487733, 24283.331699060345, 19214.79095494653]","[147455.41131701387, 126374.47387472408, 24283.331699060345, 19214.79095494653]","[123321.14782174717, 118491.81631495508, 24283.331699060345, 19214.79095494653]","[125357.89729025525, 119565.41628449493, 24283.331699060345, 19214.79095494653]","[132869.9708271287, 122970.27726494384, 24283.331699060345, 19214.79095494653]","[133456.56606579502, 124175.4096976449, 24283.331699060345, 19214.79095494653]","[206612.49078744283, 128913.0455641507, 24283.331699060345, 19214.79095494653]","[132963.2283265311, 129942.02298836612, 24283.331699060345, 19214.79095494653]","[139900.59370595423, 127485.17396173708, 24283.331699060345, 19214.79095494653]","[159966.9675700647, 130726.3485836747, 24283.331699060345, 19214.79095494653]","[188020.7249429529, 145257.78513870464, 24283.331699060345, 19214.79095494653]","[146024.6008927841, 132927.37498101816, 24283.331699060345, 19214.79095494653]","[210928.0257838578, 129021.3635360096, 24283.331699060345, 19214.79095494653]","[132329.950559362, 122089.87902488917, 24283.331699060345, 19214.79095494653]","[269352.7900639811, 138275.4165089571, 24283.331699060345, 19214.79095494653]","[168768.3048440871, 134491.30459021457, 24283.331699060345, 19214.79095494653]","[129778.53796475945, 122546.02213211055, 24283.331699060345, 19214.79095494653]","[129466.89900734281, 122909.94070695442, 24283.331699060345, 19214.79095494653]","[170717.97153366765, 142115.0037526175, 24283.331699060345, 19214.79095494653]","[136170.52663523558, 122640.93800685358, 24283.331699060345, 19214.79095494653]","[132897.23938659273, 123398.71506146634, 24283.331699060345, 19214.79095494653]","[235868.79472723603, 149472.4900862374, 24283.331699060345, 19214.79095494653]","[156483.42188491565, 131929.41345644926, 24283.331699060345, 19214.79095494653]","[189697.5610439356, 144601.32526835531, 24283.331699060345, 19214.79095494653]","[174378.57039967034, 135099.09125431205, 24283.331699060345, 19214.79095494653]","[133768.72994350732, 122755.37303305126, 24283.331699060345, 19214.79095494653]","[191255.64375437028, 150666.582950123, 24283.331699060345, 19214.79095494653]","[174433.0070956691, 146014.98646517596, 24283.331699060345, 19214.79095494653]","[374445.63513922214, 154791.35552214304, 24283.331699060345, 19214.79095494653]","[174260.17354321483, 134869.8446735329, 24283.331699060345, 19214.79095494653]","[149669.64852602867, 126649.64907659797, 24283.331699060345, 19214.79095494653]","[143901.16976876103, 124903.18305630606, 24283.331699060345, 19214.79095494653]","[180023.9907094793, 132832.73168007622, 24283.331699060345, 19214.79095494653]","[148532.51528211954, 127277.22650080569, 24283.331699060345, 19214.79095494653]","[126061.742506975, 120801.644220007, 24283.331699060345, 19214.79095494653]","[147426.7298072636, 130055.65104203002, 24283.331699060345, 19214.79095494653]","[129940.89621341022, 121787.29892798162, 24283.331699060345, 19214.79095494653]","[132092.71040421166, 119007.87970974225, 24283.331699060345, 19214.79095494653]","[166740.41513838142, 135582.83532176833, 24283.331699060345, 19214.79095494653]","[150245.78549504455, 133083.50615090015, 24283.331699060345, 19214.79095494653]","[151240.2741325111, 126436.5217603948, 24283.331699060345, 19214.79095494653]","[161575.03517464962, 125961.56175771916, 24283.331699060345, 19214.79095494653]","[155143.2388750227, 127567.12237254185, 24283.331699060345, 19214.79095494653]"
"[245150.25206700354, 178164.45300308272, 38291.102003535205, 21756.29162992059]","[174478.7678414372, 152314.3478856287, 38291.102003535205, 21756.29162992059]","[166911.7615721027, 150953.55283346682, 38291.102003535205, 21756.29162992059]","[197257.61027395152, 166652.54390079668, 38291.102003535205, 21756.29162992059]","[165044.0498096709, 154151.22299380283, 38291.102003535205, 21756.29162992059]","[188619.0771163994, 152683.31224031735, 38291.102003535205, 21756.29162992059]","[182168.84685754584, 155954.10405736478, 38291.102003535205, 21756.29162992059]","[158382.4448311747, 150534.2306212019, 38291.102003535205, 21756.29162992059]","[189189.0010648191, 162406.93800173918, 38291.102003535205, 21756.29162992059]","[200783.49324399332, 154177.32903205007, 38291.102003535205, 21756.29162992059]","[171403.01065025668, 157044.40744335754, 38291.102003535205, 21756.29162992059]","[163352.81625532793, 150347.6164975212, 38291.102003535205, 21756.29162992059]","[305008.9668222388, 169619.7974523773, 38291.102003535205, 21756.29162992059]","[186150.7597930719, 156606.0440260258, 38291.102003535205, 21756.29162992059]","[147737.69836174021, 145805.37827599773, 38291.102003535205, 21756.29162992059]","[209946.7779527469, 157739.8609090823, 38291.102003535205, 21756.29162992059]","[169854.59551108914, 151682.70738668315, 38291.102003535205, 21756.29162992059]","[195721.8039991922, 157478.45493984333, 38291.102003535205, 21756.29162992059]","[193895.34626489098, 158422.0343469773, 38291.102003535205, 21756.29162992059]","[183000.10491789042, 153156.1290854225, 38291.102003535205, 21756.29162992059]","[149647.94939347345, 147870.60843635956, 38291.102003535205, 21756.29162992059]","[208386.51589851684, 168392.98601890946, 38291.102003535205, 21756.29162992059]","[162635.01191190284, 155408.76426027133, 38291.102003535205, 21756.29162992059]","[215725.7732207577, 160957.75719689284, 38291.102003535205, 21756.29162992059]","[189188.08427817145, 159736.79024586323, 38291.102003535205, 21756.29162992059]","[320384.18000189523, 186989.9142404691, 38291.102003535205, 21756.29162992059]","[191748.48797051527, 160442.41101844423, 38291.102003535205, 21756.29162992059]","[210102.50637361646, 160954.56292244766, 38291.102003535205, 21756.29162992059]","[365590.2485343519, 195642.20417464492, 38291.102003535205, 21756.29162992059]","[317028.68200598547, 169566.0635939766, 38291.102003535205, 21756.29162992059]","[155844.30922631704, 146354.13202866205, 38291.102003535205, 21756.29162992059]","[312951.21430163056, 158333.61820406138, 38291.102003535205, 21756.29162992059]","[150927.3490020531, 148716.51996364666, 38291.102003535205, 21756.29162992059]","[168049.52237121394, 147425.09343971123, 38291.102003535205, 21756.29162992059]","[151732.9775553578, 145167.73027145688, 38291.102003535205, 21756.29162992059]","[150229.7497200882, 147689.16643081623, 38291.102003535205, 21756.29162992059]","[206201.4649230085, 169632.2396207103, 38291.102003535205, 21756.29162992059]","[167407.78119809538, 156158.7978014828, 38291.102003535205, 21756.29162992059]","[178413.64702500557, 154842.89998396076, 38291.102003535205, 21756.29162992059]","[197106.1392127785, 161054.08896784447, 38291.102003535205, 21756.29162992059]","[158660.86736722244, 146905.88917081503, 38291.102003535205, 21756.29162992059]","[148202.75366757065, 146791.05463522987, 38291.102003535205, 21756.29162992059]","[179769.84878877862, 158760.55244363082, 38291.102003535205, 21756.29162992059]","[214459.07802226164, 158223.71348333126, 38291.102003535205, 21756.29162992059]","[220021.7640641425, 162778.41493477975, 38291.102003535205, 21756.29162992059]","[153874.58068192776, 149022.94571550423, 38291.102003535205, 21756.29162992059]","[153348.4837596147, 146437.90576353003, 38291.102003535205, 21756.29162992059]","[201998.5587472072, 164411.462857734, 38291.102003535205, 21756.29162992059]","[161816.68365894223, 153458.78298271427, 38291.102003535205, 21756.29162992059]","[218696.94042406834, 161487.6719673731, 38291.102003535205, 21756.29162992059]"
"[377202.6033717658, 202970.84484369168, 44755.188010644575, 20394.29850328038]","[188312.29590587644, 157762.23060042073, 44755.188010644575, 20394.29850328038]","[162425.1798830236, 150683.1347162647, 44755.188010644575, 20394.29850328038]","[244535.64590207525, 177409.64860667297, 44755.188010644575, 20394.29850328038]","[159282.9160883953, 148916.97605162242, 44755.188010644575, 20394.29850328038]","[199938.49226018105, 160331.12884565225, 44755.188010644575, 20394.29850328038]","[230163.18254467766, 173602.1080597789, 44755.188010644575, 20394.29850328038]","[162900.29423194568, 146951.92027291853, 44755.188010644575, 20394.29850328038]","[163661.41156007355, 151844.404355999, 44755.188010644575, 20394.29850328038]","[171542.35313150243, 154672.18112297833, 44755.188010644575, 20394.29850328038]","[153410.62938617376, 148473.65389167645, 44755.188010644575, 20394.29850328038]","[265934.22685997025, 164639.20516870279, 44755.188010644575, 20394.29850328038]","[175368.68158367538, 153090.08400287296, 44755.188010644575, 20394.29850328038]","[168034.46124400065, 148758.3437406802, 44755.188010644575, 20394.29850328038]","[162509.87151755046, 150275.54050296845, 44755.188010644575, 20394.29850328038]","[154662.82773484124, 150057.84882862796, 44755.188010644575, 20394.29850328038]","[305314.3576684526, 189316.24796840345, 44755.188010644575, 20394.29850328038]","[182811.0958905948, 153109.78699104933, 44755.188010644575, 20394.29850328038]","[234391.69514979856, 183079.67483812885, 44755.188010644575, 20394.29850328038]","[170693.7999412498, 155274.29208668513, 44755.188010644575, 20394.29850328038]","[273266.01080816105, 153013.608526498, 44755.188010644575, 20394.29850328038]","[193283.79466129723, 153374.19796234218, 44755.188010644575, 20394.29850328038]","[167268.93067414756, 147140.67965368455, 44755.188010644575, 20394.29850328038]","[191525.03308425835, 152319.0641850312, 44755.188010644575, 20394.29850328038]","[165094.87634461484, 149427.22127747003, 44755.188010644575, 20394.29850328038]","[331721.6530464503, 202453.83481579108, 44755.188010644575, 20394.29850328038]","[192873.41025244797, 163147.88467010448, 44755.188010644575, 20394.29850328038]","[157533.0512805086, 151545.0756746012, 44755.188010644575, 20394.29850328038]","[149851.5346432779, 146583.97404934344, 44755.188010644575, 20394.29850328038]","[179055.43939959691, 150137.41300483939, 44755.188010644575, 20394.29850328038]","[192210.5185393259, 159182.16707269283, 44755.188010644575, 20394.29850328038]","[172380.24947340388, 152466.05153041182, 44755.188010644575, 20394.29850328038]","[193144.55730928865, 150405.1915192099, 44755.188010644575, 20394.29850328038]","[178362.54005072895, 162608.43503214748, 44755.188010644575, 20394.29850328038]","[151315.50135578937, 144891.5770268384, 44755.188010644575, 20394.29850328038]","[207853.07950761906, 164952.35126173953, 44755.188010644575, 20394.29850328038]","[196212.01076109608, 159728.93998572728, 44755.188010644575, 20394.29850328038]","[193410.87253151945, 152527.91277523097, 44755.188010644575, 20394.29850328038]","[221084.22939879572, 167233.49894090247, 44755.188010644575, 20394.29850328038]","[170964.70056435355, 150727.77136849693, 44755.188010644575, 20394.29850328038]","[196186.01910381747, 166056.43047011882, 44755.188010644575, 20394.29850328038]","[209098.61317187874, 177810.43997195142, 44755.188010644575, 20394.29850328038]","[175372.6444403453, 147047.86161706407, 44755.188010644575, 20394.29850328038]","[169904.9497166359, 151753.14464302588, 44755.188010644575, 20394.29850328038]","[199974.2088915624, 158741.55373119024, 44755.188010644575, 20394.29850328038]","[161637.75113355674, 153312.1959908331, 44755.188010644575, 20394.29850328038]","[169214.18772327979, 153966.26585510295, 44755.188010644575, 20394.29850328038]","[161931.88805988966, 147136.45934373426, 44755.188010644575, 20394.29850328038]","[153101.6930380779, 149568.6164428389, 44755.188010644575, 20394.29850328038]","[173807.3529032736, 151581.07673343917, 44755.188010644575, 20394.29850328038]"
"[152066.39344828506, 140565.9356188027, 29413.374210602324, 20651.971003871455]","[143613.97679677448, 135513.33102221647, 29413.374210602324, 20651.971003871455]","[145597.24929555928, 137194.659641412, 29413.374210602324, 20651.971003871455]","[174651.30521786335, 140237.46042313337, 29413.374210602324, 20651.971003871455]","[162899.71537826338, 140667.3227486662, 29413.374210602324, 20651.971003871455]","[228611.3379640978, 141471.68896365064, 29413.374210602324, 20651.971003871455]","[154804.67045862216, 136796.6311700375, 29413.374210602324, 20651.971003871455]","[166621.71416895764, 140438.35275646034, 29413.374210602324, 20651.971003871455]","[149490.06000721143, 137383.96019756107, 29413.374210602324, 20651.971003871455]","[159466.46060369455, 136269.81774684243, 29413.374210602324, 20651.971003871455]","[200996.45682218805, 143559.6206142437, 29413.374210602324, 20651.971003871455]","[162813.21817888308, 148178.1334083345, 29413.374210602324, 20651.971003871455]","[515957.10809552413, 171861.77920874147, 29413.374210602324, 20651.971003871455]","[173936.4446365778, 144567.46345902354, 29413.374210602324, 20651.971003871455]","[170741.9910264472, 135907.88318865592, 29413.374210602324, 20651.971003871455]","[159041.2855329583, 144483.7049040709, 29413.374210602324, 20651.971003871455]","[150918.72175087253, 136839.6606857867, 29413.374210602324, 20651.971003871455]","[138960.4456933816, 132817.41845485044, 29413.374210602324, 20651.971003871455]","[184530.53260741255, 142348.9456725657, 29413.374210602324, 20651.971003871455]","[164915.60646818214, 138330.4990120616, 29413.374210602324, 20651.971003871455]","[158818.0718650028, 138020.2991185111, 29413.374210602324, 20651.971003871455]","[176621.6836679596, 141702.437101304, 29413.374210602324, 20651.971003871455]","[214635.75803782066, 159519.1055210048, 29413.374210602324, 20651.971003871455]","[191010.54645731815, 145333.71723709628, 29413.374210602324, 20651.971003871455]","[238561.9201164782, 160438.35443802475, 29413.374210602324, 20651.971003871455]","[162724.54636046497, 137311.80454151597, 29413.374210602324, 20651.971003871455]","[171622.98837210867, 135085.42675414504, 29413.374210602324, 20651.971003871455]","[162765.54523875084, 143247.44674506265, 29413.374210602324, 20651.971003871455]","[147808.50834886235, 137367.00262272236, 29413.374210602324, 20651.971003871455]","[291666.7684012033, 173689.17000279968, 29413.374210602324, 20651.971003871455]","[178441.154846308, 147602.43561504627, 29413.374210602324, 20651.971003871455]","[187459.42972626697, 148045.9820937402, 29413.374210602324, 20651.971003871455]","[161663.7402632613, 142549.30456814374, 29413.374210602324, 20651.971003871455]","[236355.29647672674, 141767.03581389796, 29413.374210602324, 20651.971003871455]","[197438.33549262813, 145294.49112507328, 29413.374210602324, 20651.971003871455]","[189782.04859874304, 142593.64383825494, 29413.374210602324, 20651.971003871455]","[180138.7347623381, 148720.90135192452, 29413.374210602324, 20651.971003871455]","[170085.44525436073, 138726.2560321295, 29413.374210602324, 20651.971003871455]","[162618.70408039706, 140925.15433366038, 29413.374210602324, 20651.971003871455]","[271796.51311972184, 155716.82093503635, 29413.374210602324, 20651.971003871455]","[867566.8409750258, 225963.28468915235, 29413.374210602324, 20651.971003871455]","[141224.345353172, 133323.26735476535, 29413.374210602324, 20651.971003871455]","[198105.42129558194, 154974.64897007783, 29413.374210602324, 20651.971003871455]","[144361.96181214275, 134450.9725308733, 29413.374210602324, 20651.971003871455]","[181026.19385589546, 141046.6271287952, 29413.374210602324, 20651.971003871455]","[174056.37982572344, 142784.41087545207, 29413.374210602324, 20651.971003871455]","[184481.33833644807, 146675.3891078142, 29413.374210602324, 20651.971003871455]","[142364.42623856175, 133786.4120087728, 29413.374210602324, 20651.971003871455]","[214419.83313513623, 152433.7823293318, 29413.374210602324, 20651.971003871455]","[185441.61019062862, 138947.72150127133, 29413.374210602324, 20651.971003871455]"
"[146039.16073142836, 121941.90367977163, 46232.216002080095, 14610.800307373685]","[177353.3285182745, 127141.34897718646, 46232.216002080095, 14610.800307373685]","[137968.84834496875, 124571.25151521935, 46232.216002080095, 14610.800307373685]","[204298.40667842858, 129097.9356507971, 46232.216002080095, 14610.800307373685]","[126563.0065371763, 121388.22925798479, 46232.216002080095, 14610.800307373685]","[203892.80905167447, 128600.03593157702, 46232.216002080095, 14610.800307373685]","[123042.99802667643, 119161.32165581075, 46232.216002080095, 14610.800307373685]","[149347.96672912917, 126456.95323690484, 46232.216002080095, 14610.800307373685]","[192464.26567601872, 136894.09665135236, 46232.216002080095, 14610.800307373685]","[141671.10083613612, 125311.73155409307, 46232.216002080095, 14610.800307373685]","[128138.33344691928, 123168.59874311855, 46232.216002080095, 14610.800307373685]","[142508.3836544164, 132512.11906669926, 46232.216002080095, 14610.800307373685]","[127097.42683607887, 123734.91990959154, 46232.216002080095, 14610.800307373685]","[164475.64494642476, 133474.77122632824, 46232.216002080095, 14610.800307373685]","[185143.75043205754, 132080.05292289244, 46232.216002080095, 14610.800307373685]","[134915.737998038, 119234.90407498379, 46232.216002080095, 14610.800307373685]","[141129.66538044004, 124550.81841389181, 46232.216002080095, 14610.800307373685]","[134418.04704145738, 124672.41881958769, 46232.216002080095, 14610.800307373685]","[130176.421881346, 121117.62340250921, 46232.216002080095, 14610.800307373685]","[158498.5927400472, 135631.1548176571, 46232.216002080095, 14610.800307373685]","[139237.16512583225, 121671.80625576444, 46232.216002080095, 14610.800307373685]","[137203.45028254125, 123159.77185664429, 46232.216002080095, 14610.800307373685]","[127955.90792943143, 125286.96369798984, 46232.216002080095, 14610.800307373685]","[173794.478506863, 129466.80887987207, 46232.216002080095, 14610.800307373685]","[165517.28800707593, 133483.24946531656, 46232.216002080095, 14610.800307373685]","[136485.45209231993, 123508.03800670132, 46232.216002080095, 14610.800307373685]","[179517.30955433342, 121773.45798125559, 46232.216002080095, 14610.800307373685]","[163616.73503931987, 132094.39504703332, 46232.216002080095, 14610.800307373685]","[147377.98618495316, 126448.96607649923, 46232.216002080095, 14610.800307373685]","[122521.38647393881, 118276.15083939918, 46232.216002080095, 14610.800307373685]","[156611.33090126628, 128713.93686959556, 46232.216002080095, 14610.800307373685]","[146415.49641744036, 132288.04280447817, 46232.216002080095, 14610.800307373685]","[129643.55798888892, 123463.84978676811, 46232.216002080095, 14610.800307373685]","[131418.39582601815, 121382.54654290978, 46232.216002080095, 14610.800307373685]","[129879.58037328992, 118674.5703304225, 46232.216002080095, 14610.800307373685]","[220909.0382866234, 138067.60864952454, 46232.216002080095, 14610.800307373685]","[164651.4581962884, 128116.0737580958, 46232.216002080095, 14610.800307373685]","[163341.61466917308, 143427.57204918796, 46232.216002080095, 14610.800307373685]","[133817.6588395912, 123702.07283065662, 46232.216002080095, 14610.800307373685]","[151911.08409111592, 123172.6299934678, 46232.216002080095, 14610.800307373685]","[187449.89544619416, 139410.09577347006, 46232.216002080095, 14610.800307373685]","[139848.61925026242, 123643.68289111592, 46232.216002080095, 14610.800307373685]","[143900.13283029382, 127429.97577733465, 46232.216002080095, 14610.800307373685]","[218804.6796861132, 132628.06668919895, 46232.216002080095, 14610.800307373685]","[124173.78494896747, 120350.36484002617, 46232.216002080095, 14610.800307373685]","[142766.42787007705, 123733.27151642411, 46232.216002080095, 14610.800307373685]","[131799.32376773283, 122495.33881001236, 46232.216002080095, 14610.800307373685]","[128883.18109270527, 122387.85402339093, 46232.216002080095, 14610.800307373685]","[134787.79251451613, 118406.70937460542, 46232.216002080095, 14610.800307373685]","[127658.245927071, 121223.6562597379, 46232.216002080095, 14610.800307373685]"
"[185496.42036774426, 169771.48234221086, 58871.243936265164, 21048.3681662929]","[174349.0314351767, 165514.2208522858, 58871.243936265164, 21048.3681662929]","[184139.99990469532, 167749.1946096813, 58871.243936265164, 21048.3681662929]","[230701.7510945102, 192783.92128739256, 58871.243936265164, 21048.3681662929]","[251157.45150055637, 168906.93355748805, 58871.243936265164, 21048.3681662929]","[174149.04800465843, 164876.03261745142, 58871.243936265164, 21048.3681662929]","[328772.1657278434, 209098.08859333966, 58871.243936265164, 21048.3681662929]","[174726.6977694298, 164698.25345995382, 58871.243936265164, 21048.3681662929]","[242313.53197247436, 193689.50938475656, 58871.243936265164, 21048.3681662929]","[169960.76464045316, 164537.655178229, 58871.243936265164, 21048.3681662929]","[308085.2405837503, 181302.83484923432, 58871.243936265164, 21048.3681662929]","[197059.8618204092, 171757.3573889235, 58871.243936265164, 21048.3681662929]","[169185.7023561725, 164620.9064638209, 58871.243936265164, 21048.3681662929]","[213604.74703660645, 180656.56961971428, 58871.243936265164, 21048.3681662929]","[182423.15274763925, 166692.2799188778, 58871.243936265164, 21048.3681662929]","[179336.86841623002, 168493.78314065552, 58871.243936265164, 21048.3681662929]","[169865.77725706462, 164841.34841160642, 58871.243936265164, 21048.3681662929]","[259908.71032871158, 196648.96171593477, 58871.243936265164, 21048.3681662929]","[231893.69934949, 173825.03667418065, 58871.243936265164, 21048.3681662929]","[227285.58058523183, 177007.48362129033, 58871.243936265164, 21048.3681662929]","[212793.5817348857, 175694.89116407555, 58871.243936265164, 21048.3681662929]","[166754.20875643447, 162634.00445597217, 58871.243936265164, 21048.3681662929]","[170308.30310334638, 161501.3550375371, 58871.243936265164, 21048.3681662929]","[169601.79897166023, 164532.17719763325, 58871.243936265164, 21048.3681662929]","[482935.67564656853, 222131.08784028763, 58871.243936265164, 21048.3681662929]","[248704.84468629444, 180998.7851100296, 58871.243936265164, 21048.3681662929]","[211155.84009944, 180273.31944422226, 58871.243936265164, 21048.3681662929]","[206645.5718654338, 174942.1316763115, 58871.243936265164, 21048.3681662929]","[169185.51471685464, 166139.90551356628, 58871.243936265164, 21048.3681662929]","[177878.5277487261, 171054.94514758358, 58871.243936265164, 21048.3681662929]","[193196.9029386786, 175134.9865671104, 58871.243936265164, 21048.3681662929]","[195128.95236634585, 168554.93023731868, 58871.243936265164, 21048.3681662929]","[277822.73021093267, 191457.68396013745, 58871.243936265164, 21048.3681662929]","[221435.96520232517, 169868.30336660173, 58871.243936265164, 21048.3681662929]","[197725.07589763, 177810.35679676218, 58871.243936265164, 21048.3681662929]","[202108.40761552306, 172270.74434762812, 58871.243936265164, 21048.3681662929]","[253388.2637200879, 195531.27285041285, 58871.243936265164, 21048.3681662929]","[264271.9633755802, 166346.5567677924, 58871.243936265164, 21048.3681662929]","[188334.36267506832, 168649.89226960673, 58871.243936265164, 21048.3681662929]","[191856.03916891108, 170940.8439449246, 58871.243936265164, 21048.3681662929]","[172449.83366911908, 166750.65136220807, 58871.243936265164, 21048.3681662929]","[218658.17680121155, 183112.90912214378, 58871.243936265164, 21048.3681662929]","[168224.85424684628, 164113.53857691, 58871.243936265164, 21048.3681662929]","[198329.39368367213, 170467.31111805447, 58871.243936265164, 21048.3681662929]","[259171.36105423066, 169041.7547000241, 58871.243936265164, 21048.3681662929]","[182024.25275010528, 168652.30950310625, 58871.243936265164, 21048.3681662929]","[173988.99756776256, 167329.01943930934, 58871.243936265164, 21048.3681662929]","[196214.63080013817, 170622.52338088502, 58871.243936265164, 21048.3681662929]","[207151.48995194357, 171416.4906242957, 58871.243936265164, 21048.3681662929]","[183613.8692445, 166891.53615748294, 58871.243936265164, 21048.3681662929]"
"[156166.79430834373, 146944.53016845707, 50074.39046752198, 18641.24739112648]","[310857.07673951116, 226525.6965593276, 50074.39046752198, 18641.24739112648]","[192902.23179536956, 152831.38271043534, 50074.39046752198, 18641.24739112648]","[157435.630185955, 148273.8527675418, 50074.39046752198, 18641.24739112648]","[183526.74467825217, 155214.3751901093, 50074.39046752198, 18641.24739112648]","[163365.70747719827, 149150.42531722365, 50074.39046752198, 18641.24739112648]","[200963.47375152528, 163209.13793837233, 50074.39046752198, 18641.24739112648]","[174816.83002213688, 151462.0536914192, 50074.39046752198, 18641.24739112648]","[247753.0986262243, 166213.1233482621, 50074.39046752198, 18641.24739112648]","[168976.96360015313, 150456.87893253184, 50074.39046752198, 18641.24739112648]","[144816.04275131764, 141856.4721232604, 50074.39046752198, 18641.24739112648]","[409443.2119758779, 173878.68712605073, 50074.39046752198, 18641.24739112648]","[195451.8586158522, 161657.87520015764, 50074.39046752198, 18641.24739112648]","[178558.16218632422, 155272.3043659311, 50074.39046752198, 18641.24739112648]","[183013.9440279268, 151122.0654552562, 50074.39046752198, 18641.24739112648]","[146892.99886459275, 144737.74010799563, 50074.39046752198, 18641.24739112648]","[221009.095975309, 156916.72682709224, 50074.39046752198, 18641.24739112648]","[143015.63242008194, 142927.40250252487, 50074.39046752198, 18641.24739112648]","[160570.3877159101, 146384.34901595328, 50074.39046752198, 18641.24739112648]","[165303.76659611164, 152437.3242739993, 50074.39046752198, 18641.24739112648]","[187442.788126347, 147697.69297204047, 50074.39046752198, 18641.24739112648]","[178317.50839376744, 155757.36800668013, 50074.39046752198, 18641.24739112648]","[159675.6094355642, 145737.72014774027, 50074.39046752198, 18641.24739112648]","[163933.9008706071, 148677.5647579163, 50074.39046752198, 18641.24739112648]","[251208.49901626213, 161793.83226485678, 50074.39046752198, 18641.24739112648]","[259117.17741179164, 157315.2001167016, 50074.39046752198, 18641.24739112648]","[231637.38856211575, 162973.70269899088, 50074.39046752198, 18641.24739112648]","[166128.14562676655, 149773.2041595701, 50074.39046752198, 18641.24739112648]","[165509.32640347615, 147348.89741398956, 50074.39046752198, 18641.24739112648]","[152385.01628112607, 145381.8668851449, 50074.39046752198, 18641.24739112648]","[173277.78574579765, 152761.47430614362, 50074.39046752198, 18641.24739112648]","[148733.57065222738, 144187.35280950632, 50074.39046752198, 18641.24739112648]","[161139.16769973355, 145147.44359806218, 50074.39046752198, 18641.24739112648]","[193992.64103747858, 157202.8569675805, 50074.39046752198, 18641.24739112648]","[190314.39839573484, 157357.9551175052, 50074.39046752198, 18641.24739112648]","[149499.83984531026, 146472.6399503666, 50074.39046752198, 18641.24739112648]","[214814.0157332824, 145442.1232599982, 50074.39046752198, 18641.24739112648]","[211116.29872828824, 158694.76066524396, 50074.39046752198, 18641.24739112648]","[188081.31831268806, 153934.48791076933, 50074.39046752198, 18641.24739112648]","[145065.181896619, 144241.18694921935, 50074.39046752198, 18641.24739112648]","[597470.1658464887, 176021.4201731976, 50074.39046752198, 18641.24739112648]","[223425.25690344637, 155419.46197920846, 50074.39046752198, 18641.24739112648]","[168155.88426735665, 148998.91484301546, 50074.39046752198, 18641.24739112648]","[209044.0982223656, 162186.99515882606, 50074.39046752198, 18641.24739112648]","[174208.17038700194, 146618.88838613423, 50074.39046752198, 18641.24739112648]","[310388.6707647214, 169081.87822386684, 50074.39046752198, 18641.24739112648]","[154040.62994146973, 144483.51708678668, 50074.39046752198, 18641.24739112648]","[212566.53609858334, 162813.37539705457, 50074.39046752198, 18641.24739112648]","[195338.25888974857, 152084.09334204716, 50074.39046752198, 18641.24739112648]","[172421.58535492013, 153957.03522285612, 50074.39046752198, 18641.24739112648]"
"[250995.62229236658, 148570.4820215146, 55845.051064212224, 16450.38659817602]","[157992.52268091217, 144812.96891386624, 55845.051064212224, 16450.38659817602]","[197403.01049338843, 143575.41103237582, 55845.051064212224, 16450.38659817602]","[156828.07009351638, 147026.69840352883, 55845.051064212224, 16450.38659817602]","[178505.73728384744, 144928.5097988287, 55845.051064212224, 16450.38659817602]","[213265.9120143021, 155851.29808683015, 55845.051064212224, 16450.38659817602]","[156033.35105505676, 147089.75061150116, 55845.051064212224, 16450.38659817602]","[176262.83348863682, 152381.55878633723, 55845.051064212224, 16450.38659817602]","[154195.65316216223, 139725.51537925817, 55845.051064212224, 16450.38659817602]","[169432.5592683293, 147333.47939052543, 55845.051064212224, 16450.38659817602]","[173377.11712830927, 147857.5782133159, 55845.051064212224, 16450.38659817602]","[147421.24193546298, 143924.0646618173, 55845.051064212224, 16450.38659817602]","[182676.07896850928, 152148.15728096024, 55845.051064212224, 16450.38659817602]","[145224.15066946766, 139397.25516342034, 55845.051064212224, 16450.38659817602]","[369848.35172824416, 179892.5759429421, 55845.051064212224, 16450.38659817602]","[171219.80690354822, 150039.3593063115, 55845.051064212224, 16450.38659817602]","[153407.31959852218, 142182.52167042572, 55845.051064212224, 16450.38659817602]","[184085.4599797815, 149672.32968779406, 55845.051064212224, 16450.38659817602]","[180100.02083101257, 143154.92249561773, 55845.051064212224, 16450.38659817602]","[178258.58438390022, 153166.12165431265, 55845.051064212224, 16450.38659817602]","[148641.2378229925, 140358.3616144137, 55845.051064212224, 16450.38659817602]","[471011.2773749488, 196394.58347517153, 55845.051064212224, 16450.38659817602]","[214469.71542345767, 154264.11882460027, 55845.051064212224, 16450.38659817602]","[218398.36327431723, 148377.53991485937, 55845.051064212224, 16450.38659817602]","[148412.95269897854, 141239.1014382937, 55845.051064212224, 16450.38659817602]","[199568.0181948901, 151647.61870184622, 55845.051064212224, 16450.38659817602]","[399717.65989296755, 196912.71840031855, 55845.051064212224, 16450.38659817602]","[153095.2145515385, 141047.65193192946, 55845.051064212224, 16450.38659817602]","[178623.57226166886, 144156.1105895253, 55845.051064212224, 16450.38659817602]","[228305.9140215927, 182984.07760442537, 55845.051064212224, 16450.38659817602]","[199713.55540201755, 157721.51277451744, 55845.051064212224, 16450.38659817602]","[187371.25467406804, 154416.02421626254, 55845.051064212224, 16450.38659817602]","[160601.36791421435, 146008.67921331376, 55845.051064212224, 16450.38659817602]","[219030.00843913935, 150918.21371764038, 55845.051064212224, 16450.38659817602]","[167301.18612352785, 143507.6314395384, 55845.051064212224, 16450.38659817602]","[207502.7901757206, 149944.2944084806, 55845.051064212224, 16450.38659817602]","[149704.5748039368, 141081.94712017648, 55845.051064212224, 16450.38659817602]","[174985.8587857733, 138530.37539947903, 55845.051064212224, 16450.38659817602]","[149630.49432096115, 142259.15721403496, 55845.051064212224, 16450.38659817602]","[149828.23091353002, 140149.81294856206, 55845.051064212224, 16450.38659817602]","[195072.64676017425, 141049.85298475868, 55845.051064212224, 16450.38659817602]","[153867.956668707, 140854.49505546995, 55845.051064212224, 16450.38659817602]","[230893.46906656108, 164228.28683949943, 55845.051064212224, 16450.38659817602]","[340291.12552648, 155385.43238575952, 55845.051064212224, 16450.38659817602]","[246257.75255467213, 159289.93663729102, 55845.051064212224, 16450.38659817602]","[159911.8955407956, 144807.77883500524, 55845.051064212224, 16450.38659817602]","[148608.8647850884, 142852.99150641574, 55845.051064212224, 16450.38659817602]","[145421.46182469325, 141742.81252866233, 55845.051064212224, 16450.38659817602]","[198294.56282165938, 160574.16135520235, 55845.051064212224, 16450.38659817602]","[170902.28502823872, 147300.8246863975, 55845.051064212224, 16450.38659817602]"
"[185249.72400615952, 137606.82769857618, 25691.249424661302, 20270.80318937978]","[178465.2257512775, 128596.86204860108, 25691.249424661302, 20270.80318937978]","[167630.8605074596, 138726.16819511764, 25691.249424661302, 20270.80318937978]","[134751.34294080726, 131241.28565389244, 25691.249424661302, 20270.80318937978]","[157218.86052950376, 131591.72722923482, 25691.249424661302, 20270.80318937978]","[143999.02312536494, 130906.852563279, 25691.249424661302, 20270.80318937978]","[151081.18288165305, 136595.91206068147, 25691.249424661302, 20270.80318937978]","[132486.0320012164, 130181.78722619575, 25691.249424661302, 20270.80318937978]","[140212.40209681663, 128013.81579515642, 25691.249424661302, 20270.80318937978]","[143445.8881013611, 130240.26083546686, 25691.249424661302, 20270.80318937978]","[183424.28974165767, 141819.70269117507, 25691.249424661302, 20270.80318937978]","[242810.92867985167, 162857.9622120438, 25691.249424661302, 20270.80318937978]","[170638.12631587766, 133846.7741868822, 25691.249424661302, 20270.80318937978]","[199008.0746769531, 157154.05828608174, 25691.249424661302, 20270.80318937978]","[165905.35029211853, 136705.64134684374, 25691.249424661302, 20270.80318937978]","[180175.66597485868, 147918.69836937732, 25691.249424661302, 20270.80318937978]","[158071.25835120585, 136348.89748336058, 25691.249424661302, 20270.80318937978]","[158615.373784661, 136061.16776330114, 25691.249424661302, 20270.80318937978]","[179387.91948289226, 138002.2244229181, 25691.249424661302, 20270.80318937978]","[172855.11187356716, 140169.99711198852, 25691.249424661302, 20270.80318937978]","[154905.12767456632, 136063.029111058, 25691.249424661302, 20270.80318937978]","[179003.68555111863, 130678.08960925281, 25691.249424661302, 20270.80318937978]","[159548.84635072434, 128685.88814860242, 25691.249424661302, 20270.80318937978]","[177460.64348100912, 144692.2678667305, 25691.249424661302, 20270.80318937978]","[166436.20824387178, 135391.21276350514, 25691.249424661302, 20270.80318937978]","[193599.05805543266, 135663.90204730886, 25691.249424661302, 20270.80318937978]","[391858.10562958557, 184695.35068479535, 25691.249424661302, 20270.80318937978]","[166213.3868558296, 133161.18842770573, 25691.249424661302, 20270.80318937978]","[147689.0206083645, 132076.01435277984, 25691.249424661302, 20270.80318937978]","[203740.5150988817, 154526.08183672957, 25691.249424661302, 20270.80318937978]","[140434.22196693436, 129522.07135744194, 25691.249424661302, 20270.80318937978]","[174953.99545475582, 136238.77012350434, 25691.249424661302, 20270.80318937978]","[136945.07612629863, 131233.14128005836, 25691.249424661302, 20270.80318937978]","[159848.0196106024, 136997.3332117691, 25691.249424661302, 20270.80318937978]","[150725.84601040924, 134597.83887841232, 25691.249424661302, 20270.80318937978]","[166271.04524312294, 140784.79242639014, 25691.249424661302, 20270.80318937978]","[250021.37908506708, 155512.04852473168, 25691.249424661302, 20270.80318937978]","[135029.7396125908, 126004.235755137, 25691.249424661302, 20270.80318937978]","[264908.23984336405, 142888.0593229348, 25691.249424661302, 20270.80318937978]","[188211.5132591924, 138853.66804027342, 25691.249424661302, 20270.80318937978]","[133028.4737766212, 127905.04479401444, 25691.249424661302, 20270.80318937978]","[160583.2102214239, 136400.08748417217, 25691.249424661302, 20270.80318937978]","[154059.07571953395, 133149.6485948533, 25691.249424661302, 20270.80318937978]","[160690.42169351192, 130632.03442354476, 25691.249424661302, 20270.80318937978]","[151062.89981070076, 129999.70989398877, 25691.249424661302, 20270.80318937978]","[142836.49150154507, 134296.25018588774, 25691.249424661302, 20270.80318937978]","[193735.87600207815, 150232.41278075788, 25691.249424661302, 20270.80318937978]","[138314.95465492297, 124487.60799253063, 25691.249424661302, 20270.80318937978]","[1107893.4201925006, 253585.2631237637, 25691.249424661302, 20270.80318937978]","[184853.86321442787, 136379.4545560409, 25691.249424661302, 20270.80318937978]"
"[118972.59939402367, 114212.5892261447, 23602.143046997164, 18190.29895079112]","[161943.43064141643, 124022.84684678141, 23602.143046997164, 18190.29895079112]","[156397.25439361006, 125891.84162056672, 23602.143046997164, 18190.29895079112]","[137999.29258658842, 121176.55344405677, 23602.143046997164, 18190.29895079112]","[147520.8096094457, 138159.05468107757, 23602.143046997164, 18190.29895079112]","[121961.28259332571, 116318.245738267, 23602.143046997164, 18190.29895079112]","[143181.88084815038, 120144.0204105925, 23602.143046997164, 18190.29895079112]","[120454.0401318658, 115121.37098124692, 23602.143046997164, 18190.29895079112]","[157346.37945505933, 124332.5863488773, 23602.143046997164, 18190.29895079112]","[297188.08758082835, 157432.98050600113, 23602.143046997164, 18190.29895079112]","[138725.41139353265, 122731.91040156799, 23602.143046997164, 18190.29895079112]","[210129.14661221235, 141774.37898103605, 23602.143046997164, 18190.29895079112]","[136111.24448671544, 120233.53019247207, 23602.143046997164, 18190.29895079112]","[136221.08878545955, 123885.56180820866, 23602.143046997164, 18190.29895079112]","[150266.23541805116, 122812.78004782432, 23602.143046997164, 18190.29895079112]","[148819.0544496987, 122013.34558189227, 23602.143046997164, 18190.29895079112]","[149370.39956312807, 115784.68009666422, 23602.143046997164, 18190.29895079112]","[171832.9551340384, 126590.29746407016, 23602.143046997164, 18190.29895079112]","[117187.22294115546, 113907.92146997982, 23602.143046997164, 18190.29895079112]","[141369.45569275224, 125227.4391759763, 23602.143046997164, 18190.29895079112]","[150463.9705886304, 126194.34707866238, 23602.143046997164, 18190.29895079112]","[114857.06483777417, 111912.51910513356, 23602.143046997164, 18190.29895079112]","[184236.6702978545, 129834.36160261818, 23602.143046997164, 18190.29895079112]","[123186.74448181587, 116285.15014721976, 23602.143046997164, 18190.29895079112]","[182297.93211902553, 127505.35383743592, 23602.143046997164, 18190.29895079112]","[134005.3648772298, 124397.85501037387, 23602.143046997164, 18190.29895079112]","[138425.23431789302, 120772.63907369987, 23602.143046997164, 18190.29895079112]","[130429.03514122762, 115797.25638789835, 23602.143046997164, 18190.29895079112]","[130357.97469247556, 119339.97031690262, 23602.143046997164, 18190.29895079112]","[185150.8556657834, 123678.09798592728, 23602.143046997164, 18190.29895079112]","[127340.3844418395, 116123.23164363, 23602.143046997164, 18190.29895079112]","[123732.22507575351, 116189.74231503386, 23602.143046997164, 18190.29895079112]","[131435.26432542136, 120979.02182189764, 23602.143046997164, 18190.29895079112]","[116993.86681144513, 114169.75861695349, 23602.143046997164, 18190.29895079112]","[132587.669363703, 119226.05995876841, 23602.143046997164, 18190.29895079112]","[164184.20413623747, 125275.57755100689, 23602.143046997164, 18190.29895079112]","[132085.71173721043, 118902.37457041789, 23602.143046997164, 18190.29895079112]","[185721.4959278645, 131638.94286488145, 23602.143046997164, 18190.29895079112]","[159794.37339079034, 137109.5790830144, 23602.143046997164, 18190.29895079112]","[128749.87476216252, 118029.98825784343, 23602.143046997164, 18190.29895079112]","[157891.60038340683, 128915.69906837636, 23602.143046997164, 18190.29895079112]","[213367.05434184588, 131641.13856997338, 23602.143046997164, 18190.29895079112]","[229117.37208485778, 133372.02818457168, 23602.143046997164, 18190.29895079112]","[134324.4251318604, 119956.90415715458, 23602.143046997164, 18190.29895079112]","[138405.9169501913, 119947.89956030037, 23602.143046997164, 18190.29895079112]","[173141.8584336272, 135449.83721806874, 23602.143046997164, 18190.29895079112]","[154106.94054665172, 125898.27067842928, 23602.143046997164, 18190.29895079112]","[127907.26723018523, 119758.91854370033, 23602.143046997164, 18190.29895079112]","[149582.25022886271, 129009.4886871907, 23602.143046997164, 18190.29895079112]","[141321.9600547259, 123017.92616037003, 23602.143046997164, 18190.29895079112]"
"[235482.37769861746, 168815.7622616832, 43490.06527792312, 18504.855136167505]","[232614.03963344652, 169139.69387422502, 43490.06527792312, 18504.855136167505]","[145828.52919293958, 138642.78020955267, 43490.06527792312, 18504.855136167505]","[140625.2788288654, 136825.01388971735, 43490.06527792312, 18504.855136167505]","[147240.42141626074, 136646.3738351108, 43490.06527792312, 18504.855136167505]","[148420.98195748942, 138882.05618721442, 43490.06527792312, 18504.855136167505]","[166857.36912955926, 143724.24900694832, 43490.06527792312, 18504.855136167505]","[145755.0700193885, 139686.33235734046, 43490.06527792312, 18504.855136167505]","[175713.2637540714, 136919.8670135588, 43490.06527792312, 18504.855136167505]","[145443.43479675325, 135161.1354221737, 43490.06527792312, 18504.855136167505]","[141559.55082451954, 137954.50602425224, 43490.06527792312, 18504.855136167505]","[156978.520459557, 145526.94722855187, 43490.06527792312, 18504.855136167505]","[178160.0458948138, 146978.38003072544, 43490.06527792312, 18504.855136167505]","[153993.610512714, 140311.9029193655, 43490.06527792312, 18504.855136167505]","[151597.19470601305, 143134.1769920432, 43490.06527792312, 18504.855136167505]","[162634.62888534472, 148629.26746139996, 43490.06527792312, 18504.855136167505]","[145731.45446305125, 138324.14806680192, 43490.06527792312, 18504.855136167505]","[194667.1889972929, 151198.78949453228, 43490.06527792312, 18504.855136167505]","[263367.28786842834, 152802.12479842574, 43490.06527792312, 18504.855136167505]","[190655.52803672882, 147221.98373373732, 43490.06527792312, 18504.855136167505]","[150120.3213857624, 140451.1445974611, 43490.06527792312, 18504.855136167505]","[390832.5686414121, 192661.10126160007, 43490.06527792312, 18504.855136167505]","[198394.26895671216, 148467.2279457703, 43490.06527792312, 18504.855136167505]","[189917.27408061022, 157770.57646479437, 43490.06527792312, 18504.855136167505]","[227995.84024862573, 176332.2546489596, 43490.06527792312, 18504.855136167505]","[249589.9536399043, 158710.4698915035, 43490.06527792312, 18504.855136167505]","[150504.14955858764, 142813.02698158, 43490.06527792312, 18504.855136167505]","[290992.5746916059, 176060.14204071762, 43490.06527792312, 18504.855136167505]","[174499.66660283896, 144438.54759093156, 43490.06527792312, 18504.855136167505]","[155715.70743456198, 138260.83813334658, 43490.06527792312, 18504.855136167505]","[324356.15368188074, 161663.05297435174, 43490.06527792312, 18504.855136167505]","[189329.6953334413, 150913.1124367551, 43490.06527792312, 18504.855136167505]","[160963.59662335194, 147136.4647587292, 43490.06527792312, 18504.855136167505]","[160667.8996278521, 143824.64931702017, 43490.06527792312, 18504.855136167505]","[144072.06106276347, 140739.7761375706, 43490.06527792312, 18504.855136167505]","[164078.7645298931, 146568.94634499433, 43490.06527792312, 18504.855136167505]","[143007.2916934362, 138988.05976657607, 43490.06527792312, 18504.855136167505]","[158923.23767873176, 138005.88980256423, 43490.06527792312, 18504.855136167505]","[164914.96887553236, 147348.56694956223, 43490.06527792312, 18504.855136167505]","[199962.24384516693, 149449.86239280459, 43490.06527792312, 18504.855136167505]","[200210.0166137654, 172503.50656867956, 43490.06527792312, 18504.855136167505]","[193520.13580436652, 142279.191225714, 43490.06527792312, 18504.855136167505]","[164721.0218396457, 142510.09768007472, 43490.06527792312, 18504.855136167505]","[139417.3787144237, 135132.0919211632, 43490.06527792312, 18504.855136167505]","[175383.45526498414, 150489.75812332533, 43490.06527792312, 18504.855136167505]","[399460.77312119346, 196985.54447198784, 43490.06527792312, 18504.855136167505]","[151727.2951461521, 143135.78046682646, 43490.06527792312, 18504.855136167505]","[230964.57489579637, 160122.90708789948, 43490.06527792312, 18504.855136167505]","[158306.86009034244, 140340.5522395149, 43490.06527792312, 18504.855136167505]","[189931.38491743628, 146135.41970996646, 43490.06527792312, 18504.855136167505]"
"[179766.3418042546, 153927.34773739232, 49562.87991219894, 19665.94119455661]","[154786.8043077486, 148423.22436642367, 49562.87991219894, 19665.94119455661]","[174525.9564647278, 152960.68739489725, 49562.87991219894, 19665.94119455661]","[223001.89329371968, 166951.07242776838, 49562.87991219894, 19665.94119455661]","[219323.27173969478, 171053.62351789104, 49562.87991219894, 19665.94119455661]","[156671.5857621378, 150095.15894736745, 49562.87991219894, 19665.94119455661]","[188290.63206608, 160845.01351026486, 49562.87991219894, 19665.94119455661]","[183855.919142834, 164571.71898553843, 49562.87991219894, 19665.94119455661]","[172575.92392788973, 153156.5307563423, 49562.87991219894, 19665.94119455661]","[374958.8952541047, 231468.5913432176, 49562.87991219894, 19665.94119455661]","[222590.88643991263, 163666.54492688936, 49562.87991219894, 19665.94119455661]","[186430.4835158361, 159036.0226951624, 49562.87991219894, 19665.94119455661]","[172079.4900853954, 151940.13336165246, 49562.87991219894, 19665.94119455661]","[180480.448936731, 157531.1723880666, 49562.87991219894, 19665.94119455661]","[213478.291716498, 178017.81659251952, 49562.87991219894, 19665.94119455661]","[265641.58098958584, 162285.8219431047, 49562.87991219894, 19665.94119455661]","[153446.83440453888, 150929.37466536366, 49562.87991219894, 19665.94119455661]","[146367.86883876438, 146449.92422940955, 49562.87991219894, 19665.94119455661]","[225305.9562195536, 154049.71499783918, 49562.87991219894, 19665.94119455661]","[203446.42160648896, 158774.63415967245, 49562.87991219894, 19665.94119455661]","[197018.27938945394, 157830.59235742397, 49562.87991219894, 19665.94119455661]","[251241.4604835906, 166865.49415857918, 49562.87991219894, 19665.94119455661]","[165188.82741088595, 157224.2711562199, 49562.87991219894, 19665.94119455661]","[178507.06177638707, 155708.51619738186, 49562.87991219894, 19665.94119455661]","[177615.88541933522, 153408.7701982823, 49562.87991219894, 19665.94119455661]","[151526.18718901015, 147254.4589267864, 49562.87991219894, 19665.94119455661]","[179547.35464764028, 157864.78080738286, 49562.87991219894, 19665.94119455661]","[228314.13192001672, 176579.10543480414, 49562.87991219894, 19665.94119455661]","[219449.2091478205, 161334.89263655018, 49562.87991219894, 19665.94119455661]","[163829.58789156532, 152392.63797601164, 49562.87991219894, 19665.94119455661]","[221097.6047161281, 168181.71635116095, 49562.87991219894, 19665.94119455661]","[164032.7116700865, 154213.22181340033, 49562.87991219894, 19665.94119455661]","[203527.68609562473, 166856.19660024662, 49562.87991219894, 19665.94119455661]","[228852.65142109536, 166404.29164510756, 49562.87991219894, 19665.94119455661]","[187914.9888019707, 151451.88867213982, 49562.87991219894, 19665.94119455661]","[157777.0335267374, 146030.7318023351, 49562.87991219894, 19665.94119455661]","[170013.33301868007, 150982.62445561693, 49562.87991219894, 19665.94119455661]","[157347.4350841179, 156160.2384506547, 49562.87991219894, 19665.94119455661]","[153784.0359018914, 148954.09146266547, 49562.87991219894, 19665.94119455661]","[174667.00527276174, 153930.5768773796, 49562.87991219894, 19665.94119455661]","[189389.3765668119, 159087.2228261366, 49562.87991219894, 19665.94119455661]","[182368.98748043424, 156187.00062543096, 49562.87991219894, 19665.94119455661]","[182233.95340790763, 157717.30195338567, 49562.87991219894, 19665.94119455661]","[181169.5999816582, 160622.5907347069, 49562.87991219894, 19665.94119455661]","[188718.68681895666, 157417.02645674482, 49562.87991219894, 19665.94119455661]","[296705.0817247207, 192238.51199443033, 49562.87991219894, 19665.94119455661]","[160964.0295475101, 153056.66875671878, 49562.87991219894, 19665.94119455661]","[196591.32863112015, 155054.30062842483, 49562.87991219894, 19665.94119455661]","[230872.40782881755, 167626.09198995645, 49562.87991219894, 19665.94119455661]","[179251.7118370311, 155800.5900162098, 49562.87991219894, 19665.94119455661]"
"[207409.05240466425, 130762.41392746849, 13482.434483228762, 20946.498022502263]","[184814.5379939974, 146768.26210147957, 13482.434483228762, 20946.498022502263]","[221233.09840032464, 132419.1833137149, 13482.434483228762, 20946.498022502263]","[128981.08811962373, 119699.20537077541, 13482.434483228762, 20946.498022502263]","[243691.28244064722, 118484.87271422654, 13482.434483228762, 20946.498022502263]","[130059.96664457659, 126624.7713449389, 13482.434483228762, 20946.498022502263]","[160103.1956742733, 129728.97965947838, 13482.434483228762, 20946.498022502263]","[222371.14502220406, 138440.86145714173, 13482.434483228762, 20946.498022502263]","[140844.3022750375, 121322.55853043031, 13482.434483228762, 20946.498022502263]","[139426.96207455595, 121599.09157507386, 13482.434483228762, 20946.498022502263]","[137673.30918235236, 118736.47779056779, 13482.434483228762, 20946.498022502263]","[140608.13580039065, 124240.37024502202, 13482.434483228762, 20946.498022502263]","[144574.4565486876, 119537.5230225055, 13482.434483228762, 20946.498022502263]","[150025.37398622866, 133033.89518760622, 13482.434483228762, 20946.498022502263]","[192299.54128978585, 138749.4768842529, 13482.434483228762, 20946.498022502263]","[188245.3855000423, 135525.0073622516, 13482.434483228762, 20946.498022502263]","[149425.3348330256, 121595.00860486495, 13482.434483228762, 20946.498022502263]","[169686.12833360935, 134696.1920082124, 13482.434483228762, 20946.498022502263]","[157665.89136762518, 126465.89085758348, 13482.434483228762, 20946.498022502263]","[122532.38854540954, 121370.13940734313, 13482.434483228762, 20946.498022502263]","[155711.46079299194, 125705.81642225044, 13482.434483228762, 20946.498022502263]","[356232.43175659573, 126920.54090971818, 13482.434483228762, 20946.498022502263]","[293863.94444295234, 149013.77791845353, 13482.434483228762, 20946.498022502263]","[137122.04272824904, 124085.04732178152, 13482.434483228762, 20946.498022502263]","[226360.77576888152, 126210.20923554867, 13482.434483228762, 20946.498022502263]","[142897.2548438853, 134998.2799551226, 13482.434483228762, 20946.498022502263]","[171404.33185787415, 127605.1270958304, 13482.434483228762, 20946.498022502263]","[128112.2200638704, 119200.08111462154, 13482.434483228762, 20946.498022502263]","[167969.80866363033, 130988.34256922847, 13482.434483228762, 20946.498022502263]","[123473.27453284487, 121128.65574440279, 13482.434483228762, 20946.498022502263]","[141972.04741269632, 122355.11098469835, 13482.434483228762, 20946.498022502263]","[133497.73668894143, 124392.37156211567, 13482.434483228762, 20946.498022502263]","[144258.48008208096, 128402.23049115248, 13482.434483228762, 20946.498022502263]","[154517.9724398523, 133321.13852395437, 13482.434483228762, 20946.498022502263]","[129822.26577662918, 120664.13935815702, 13482.434483228762, 20946.498022502263]","[211682.3973384165, 162897.35625919906, 13482.434483228762, 20946.498022502263]","[158697.4838798162, 132525.09810990523, 13482.434483228762, 20946.498022502263]","[131339.56113115218, 123966.9004346339, 13482.434483228762, 20946.498022502263]","[136987.74573297394, 124578.0032734799, 13482.434483228762, 20946.498022502263]","[143319.60196809162, 127036.42148579186, 13482.434483228762, 20946.498022502263]","[121860.36379546352, 117728.44819805396, 13482.434483228762, 20946.498022502263]","[172040.7207388383, 129600.6453096459, 13482.434483228762, 20946.498022502263]","[173052.12414478965, 130241.72281936202, 13482.434483228762, 20946.498022502263]","[155675.89458594893, 129964.18583641347, 13482.434483228762, 20946.498022502263]","[171077.10499051222, 130130.97255358812, 13482.434483228762, 20946.498022502263]","[169669.38632050774, 131501.45377798108, 13482.434483228762, 20946.498022502263]","[124698.90123848895, 120622.1601626946, 13482.434483228762, 20946.498022502263]","[123871.82090987837, 119783.69377069098, 13482.434483228762, 20946.498022502263]","[142405.5999274174, 126665.699446069, 13482.434483228762, 20946.498022502263]","[137621.2783969721, 128100.63837610529, 13482.434483228762, 20946.498022502263]"
"[144426.03541392964, 135369.84887538807, 15901.00788124061, 22725.77205503058]","[215444.01361231765, 133229.96413646764, 15901.00788124061, 22725.77205503058]","[161274.27141717012, 134799.6255112495, 15901.00788124061, 22725.77205503058]","[197357.73349838023, 158179.12499919292, 15901.00788124061, 22725.77205503058]","[146167.62931676363, 137111.63211003528, 15901.00788124061, 22725.77205503058]","[202098.81530798276, 148258.99265672005, 15901.00788124061, 22725.77205503058]","[156741.39135267842, 138201.22518861806, 15901.00788124061, 22725.77205503058]","[140449.02203949474, 133911.21130052482, 15901.00788124061, 22725.77205503058]","[127171.21124347777, 125985.23364809799, 15901.00788124061, 22725.77205503058]","[213786.81369923017, 151297.19116980484, 15901.00788124061, 22725.77205503058]","[169000.30808006707, 141245.453918277, 15901.00788124061, 22725.77205503058]","[230808.16258060074, 161524.58364230386, 15901.00788124061, 22725.77205503058]","[226988.3337136185, 167615.24657857665, 15901.00788124061, 22725.77205503058]","[177207.70974949992, 138579.06337692364, 15901.00788124061, 22725.77205503058]","[161369.3398034681, 139006.52917722854, 15901.00788124061, 22725.77205503058]","[161571.0338655452, 145815.42974776906, 15901.00788124061, 22725.77205503058]","[135933.6964100678, 129742.49558210725, 15901.00788124061, 22725.77205503058]","[151301.35010647957, 134192.62559383898, 15901.00788124061, 22725.77205503058]","[156147.27308474062, 140190.1143839104, 15901.00788124061, 22725.77205503058]","[210694.89865225568, 150046.71575386412, 15901.00788124061, 22725.77205503058]","[191021.3072746807, 146436.80690171657, 15901.00788124061, 22725.77205503058]","[147120.27267661234, 139392.5006978711, 15901.00788124061, 22725.77205503058]","[206102.7840441423, 144295.45603899643, 15901.00788124061, 22725.77205503058]","[153063.79721849554, 139586.2476602294, 15901.00788124061, 22725.77205503058]","[212977.7355046007, 150284.50531690946, 15901.00788124061, 22725.77205503058]","[151694.13341241778, 133961.85256976314, 15901.00788124061, 22725.77205503058]","[157265.76856060835, 136259.201956063, 15901.00788124061, 22725.77205503058]","[208329.58152719768, 151789.63697740404, 15901.00788124061, 22725.77205503058]","[187516.4343865851, 149926.49123400677, 15901.00788124061, 22725.77205503058]","[175569.48377114456, 143681.26408264495, 15901.00788124061, 22725.77205503058]","[161849.38791742598, 135843.28004028703, 15901.00788124061, 22725.77205503058]","[155123.6707899844, 135935.00065962467, 15901.00788124061, 22725.77205503058]","[172055.69852589772, 140728.85392105434, 15901.00788124061, 22725.77205503058]","[199176.05076712838, 144643.8868324124, 15901.00788124061, 22725.77205503058]","[164602.69886722503, 136047.19002549793, 15901.00788124061, 22725.77205503058]","[140428.60021174082, 135156.1964974783, 15901.00788124061, 22725.77205503058]","[135788.8564241818, 130342.77592070088, 15901.00788124061, 22725.77205503058]","[167227.10539899432, 138685.76995266858, 15901.00788124061, 22725.77205503058]","[168863.1639332878, 139629.83598029343, 15901.00788124061, 22725.77205503058]","[148606.88988189836, 134106.9699985024, 15901.00788124061, 22725.77205503058]","[182852.52576800124, 157567.4492515517, 15901.00788124061, 22725.77205503058]","[198156.3886745497, 140268.05954975946, 15901.00788124061, 22725.77205503058]","[197347.97607840248, 152136.3854106811, 15901.00788124061, 22725.77205503058]","[152964.90149125856, 135710.3912860947, 15901.00788124061, 22725.77205503058]","[205498.47897673433, 144839.65008328803, 15901.00788124061, 22725.77205503058]","[172991.36056537833, 135803.68140552295, 15901.00788124061, 22725.77205503058]","[177075.14257007765, 143809.89509872277, 15901.00788124061, 22725.77205503058]","[169955.61795835878, 144030.72532693477, 15901.00788124061, 22725.77205503058]","[201892.8394968295, 164180.39401883195, 15901.00788124061, 22725.77205503058]","[154650.26374881482, 135235.9617686388, 15901.00788124061, 22725.77205503058]"
